    4   0   64.73( 309)    0   0  |    0   0
   95.53    1 
   93.59    3 |
   93.04    3
    5   0   72.44( 152)    0   0  |    0   0
   94.31    2 
   93.92    1 |
   93.71    2
    4   1   75.35(  92)    0   1  |    1   1
   93.50    5 
   93.17    4 |
   92.23    5
    3   0   69.68( 215)    0   0  |    0   0
   93.97    3 
   91.88    6 |
   91.34    6
    4   0   69.63( 217)    0   0  |    1   0
   92.86    6 
   92.73    5 |
   92.59    4
    3   0   59.54( 341)    0   0  |    0   0
   93.72    4 
   91.56    8 |
   90.85    9
    5   0   76.64(  71)    1   0  |    1   0
   91.91    7 
   93.90    2 |
   94.23    1
    4   1   80.27(  28)    1   1  |    1   1
   91.10   11 
   91.75    7 |
   91.06    7
    4   0   61.90( 334)    0   0  |    0   0
   91.83    8 
   89.48   14 |
   88.97   16
    4   0   63.51( 322)    0   0  |    0   0
   91.60    9 
   89.68   11 |
   89.24   14
    3   0   67.38( 262)    0   0  |    1   0
   90.56   12 
   90.09    9 |
   90.01   12
    3   0   57.73( 345)    0   0  |    0   0
   91.22   10 
   89.00   18 |
   88.37   18
    3   1   74.73( 111)    0   1  |    0   1
   89.73   13 
   89.43   15 |
   88.76   17
    5   0   68.77( 240)    0   0  |    2   0
   89.32   15 
   88.97   19 |
   89.37   13
    4   0   73.56( 129)    0   0  |    0   0
   88.76   16 
   89.19   16 |
   89.12   15
    4   0   73.79( 126)    0   0  |    2   0
   88.11   20 
   89.60   12 |
   90.72   10
    3   0   66.20( 282)    0   0  |    0   0
   89.65   14 
   87.07   24 |
   86.83   24
    5   0   77.17(  61)    1   0  |    1   0
   87.89   21 
   89.53   13 |
   90.93    8
    4   1   71.53( 171)    0   1  |    0   1
   87.86   22 
   89.16   17 |
   88.16   19
    5   0   76.50(  73)    0   0  |    2   0
   87.22   25 
   89.77   10 |
   90.42   11
    4   0   66.92( 272)    0   0  |    0   0
   88.52   17 
   87.28   22 |
   87.13   23
    3   1   73.14( 136)    1   0  |    1   0
   88.25   18 
   87.57   20 |
   86.68   25
    3   1   71.67( 166)    0   0  |    0   1
   88.24   19 
   86.56   26 |
   85.44   28
    4   0   65.67( 294)    0   0  |    1   0
   87.35   24 
   85.98   27 |
   85.96   26
    4   0   69.58( 221)    0   0  |    1   0
   86.06   27 
   86.84   25 |
   87.61   21
    3   0   71.36( 178)    0   0  |    1   0
   85.53   28 
   87.44   21 |
   87.67   20
    3   1   74.44( 117)    0   0  |    1   1
   86.26   26 
   85.66   28 |
   85.08   29
    3   0   64.78( 308)    0   0  |    0   0
   87.75   23 
   83.99   37 |
   84.10   35
    4   0   65.78( 292)    0   0  |    1   0
   84.63   33 
   87.18   23 |
   87.16   22
    4   1   71.60( 170)    0   1  |    0   1
   85.10   29 
   84.49   32 |
   84.08   36
    1   0   53.12( 350)    0   0  |    0   0
   84.47   34 
   85.47   29 |
   84.93   31
    4   0   65.80( 291)    0   0  |    0   0
   84.72   32 
   84.95   31 |
   84.98   30
    2   1   77.68(  53)    0   1  |    0   1
   84.75   31 
   84.13   35 |
   83.53   41
    2   1   66.39( 279)    0   0  |    0   1
   84.91   30 
   83.48   42 |
   82.30   51
    2   2   77.63(  55)    0   1  |    0   2
   84.17   37 
   84.28   34 |
   82.85   46
    4   1   68.17( 248)    0   1  |    0   1
   84.19   36 
   83.92   38 |
   84.01   37
    4   1   69.84( 211)    1   1  |    1   1
   84.10   38 
   84.02   36 |
   84.30   34
    3   0   66.58( 277)    0   0  |    0   0
   83.37   45 
   85.08   30 |
   85.50   27
    4   0   64.70( 310)    0   0  |    0   0
   84.22   35 
   83.38   43 |
   83.42   42
    3   0   67.09( 269)    0   0  |    0   0
   83.88   39 
   83.86   39 |
   83.87   39
    3   2   77.09(  63)    0   2  |    0   2
   83.85   40 
   83.01   47 |
   83.34   44
    2   1   83.57(  12)    0   1  |    1   1
   83.62   43 
   83.17   45 |
   84.00   38
    4   0   65.69( 293)    0   0  |    0   0
   83.72   41 
   83.00   48 |
   83.02   45
    2   2   82.98(  17)    0   1  |    0   2
   83.67   42 
   82.87   50 |
   82.79   48
    5   0   70.98( 184)    0   0  |    0   0
   83.03   46 
   83.51   41 |
   84.71   32
    3   2   75.46(  89)    0   0  |    0   1
   82.49   48 
   83.69   40 |
   82.09   53
    4   0   67.43( 261)    0   0  |    1   0
   82.25   50 
   83.21   44 |
   83.87   40
    3   2   75.19(  97)    0   1  |    0   1
   83.39   44 
   81.27   60 |
   81.03   61
    2   1   81.28(  25)    0   1  |    0   1
   81.59   53 
   84.29   33 |
   84.55   33
    3   1   65.48( 299)    0   0  |    0   0
   82.71   47 
   81.40   56 |
   80.76   64
    2   1   72.21( 155)    0   0  |    0   1
   82.41   49 
   81.39   57 |
   80.17   69
    4   0   69.30( 231)    0   0  |    0   0
   82.11   51 
   81.83   53 |
   82.43   50
    3   1   74.88( 104)    0   0  |    0   1
   81.41   55 
   82.28   52 |
   81.71   57
    4   1   70.90( 187)    0   1  |    0   1
   80.80   61 
   82.93   49 |
   82.78   49
    4   0   60.52( 340)    0   0  |    0   0
   81.46   54 
   81.36   58 |
   81.34   58
    4   0   70.48( 194)    0   0  |    1   0
   81.33   56 
   81.20   61 |
   82.21   52
    4   1   63.97( 315)    0   1  |    0   1
   81.00   59 
   81.34   59 |
   81.01   63
    4   1   71.40( 176)    0   1  |    0   1
   81.17   57 
   80.97   62 |
   82.05   54
    3   2   76.74(  69)    0   1  |    0   2
   80.63   62 
   81.66   54 |
   81.13   60
    4   0   64.93( 306)    0   0  |    0   0
   80.03   67 
   82.68   51 |
   82.83   47
    3   1   74.76( 110)    0   1  |    0   1
   81.77   52 
   79.71   70 |
   81.89   55
    4   0   68.00( 253)    0   0  |    0   0
   79.78   69 
   83.17   46 |
   83.42   43
    3   2   68.77( 241)    0   0  |    0   2
   80.36   65 
   80.96   63 |
   78.44   79
    2   3   76.24(  80)    0   1  |    1   1
   81.15   58 
   79.68   71 |
   77.98   82
    4   1   74.88( 105)    0   0  |    1   1
   79.73   70 
   81.43   55 |
   81.76   56
    3   1   56.41( 346)    0   0  |    0   1
   80.33   66 
   79.98   68 |
   78.87   76
    3   0   63.51( 323)    0   0  |    0   0
   80.43   63 
   79.75   69 |
   80.32   67
    3   1   68.00( 252)    0   1  |    0   1
   80.40   64 
   79.63   72 |
   79.73   71
    3   1   74.89( 103)    0   0  |    0   1
   79.50   71 
   80.34   65 |
   80.52   65
    2   1   67.30( 263)    0   0  |    0   1
   80.88   60 
   78.13   84 |
   77.81   84
    3   0   59.42( 342)    0   0  |    0   0
   79.06   75 
   80.31   67 |
   80.22   68
    2   0   73.32( 131)    0   0  |    0   0
   78.63   78 
   80.33   66 |
   81.02   62
    2   2   73.14( 137)    0   0  |    0   1
   79.83   68 
   78.25   81 |
   76.90   89
    3   1   66.21( 281)    0   0  |    0   0
   79.36   73 
   78.87   75 |
   77.80   85
    1   2   76.85(  66)    0   0  |    0   0
   79.34   74 
   78.33   80 |
   77.32   87
    4   1   72.83( 148)    0   1  |    0   1
   77.75   86 
   80.41   64 |
   81.22   59
    3   0   70.10( 203)    0   0  |    0   0
   78.19   79 
   79.08   74 |
   80.43   66
    2   2   71.45( 174)    0   1  |    0   1
   78.99   76 
   77.78   87 |
   77.67   86
    3   1   71.47( 173)    0   1  |    0   1
   78.68   77 
   78.15   83 |
   79.02   74
    3   0   63.41( 325)    0   0  |    0   0
   77.76   85 
   79.60   73 |
   79.95   70
    2   2   83.19(  16)    0   1  |    0   1
   77.89   83 
   78.54   78 |
   79.28   73
    4   0   55.91( 348)    0   0  |    0   0
   77.76   84 
   78.73   77 |
   78.68   77
    3   1   64.95( 305)    0   0  |    0   0
   77.96   81 
   78.34   79 |
   78.59   78
    2   2   70.46( 195)    0   0  |    0   1
   77.91   82 
   78.23   82 |
   76.19   99
    2   1   70.43( 196)    0   0  |    0   0
   79.40   72 
   75.70  100 |
   76.39   95
    2   0   63.82( 318)    0   0  |    0   0
   77.56   87 
   77.86   86 |
   78.10   81
    3   0   61.89( 335)    0   0  |    0   0
   77.34   92 
   78.05   85 |
   78.23   80
    3   0   60.71( 339)    0   0  |    0   0
   77.52   88 
   77.72   88 |
   77.84   83
    3   1   67.89( 254)    0   0  |    0   1
   76.27   97 
   78.79   76 |
   78.96   75
    3   1   65.02( 303)    0   0  |    0   0
   77.40   91 
   76.77   91 |
   76.12  100
    2   0   54.64( 349)    0   0  |    0   0
   77.50   89 
   76.47   94 |
   76.71   91
    3   1   63.86( 317)    0   0  |    0   0
   77.99   80 
   75.24  102 |
   74.19  124
    2   2   76.32(  77)    0   1  |    0   2
   76.89   93 
   76.31   95 |
   76.28   97
    3   1   67.03( 270)    0   0  |    0   0
   76.41   95 
   76.77   90 |
   76.37   96
    3   2   74.16( 120)    0   0  |    0   0
   76.30   96 
   76.65   93 |
   76.41   94
    2   2   73.29( 132)    0   1  |    0   1
   77.41   90 
   74.12  122 |
   73.65  131
    0   2   82.10(  23)    0   0  |    0   1
   76.63   94 
   74.93  107 |
   73.48  134
    3   2   70.24( 200)    0   0  |    0   1
   75.81  100 
   75.82   99 |
   75.04  107
    4   0   70.15( 202)    0   0  |    0   0
   74.89  111 
   77.17   89 |
   79.67   72
    2   1   79.10(  41)    0   0  |    0   1
   75.44  104 
   75.95   96 |
   77.23   88
    2   2   80.13(  29)    1   0  |    1   0
   75.34  105 
   75.53  101 |
   75.97  102
    3   1   70.59( 192)    0   0  |    0   0
   75.10  107 
   75.87   98 |
   76.54   93
    1   3   71.91( 160)    0   0  |    0   0
   75.31  106 
   75.06  105 |
   72.04  162
    1   3   85.46(   8)    0   1  |    0   3
   75.83   99 
   74.17  121 |
   74.66  113
    1   2   80.03(  31)    0   1  |    0   1
   75.51  102 
   74.54  113 |
   74.48  117
    1   2   82.12(  22)    0   1  |    0   1
   75.78  101 
   74.06  123 |
   74.21  123
    2   1   73.42( 130)    0   1  |    0   1
   75.85   98 
   73.89  126 |
   74.48  118
    4   0   60.88( 336)    0   0  |    0   0
   74.95  109 
   75.07  104 |
   75.72  104
    1   1   76.45(  75)    0   1  |    0   1
   74.89  112 
   75.01  106 |
   74.96  108
    3   1   70.83( 188)    0   0  |    0   0
   73.64  125 
   76.70   92 |
   76.62   92
    3   2   67.19( 266)    0   1  |    0   1
   74.74  113 
   74.29  118 |
   73.43  136
    1   1   77.92(  48)    0   0  |    0   0
   74.43  118 
   74.68  108 |
   74.79  112
    3   1   68.02( 250)    0   0  |    0   0
   74.55  115 
   74.39  116 |
   74.83  110
    2   2   73.20( 135)    0   0  |    0   0
   74.38  119 
   74.65  111 |
   74.05  125
    1   2   81.56(  24)    0   1  |    0   1
   75.47  103 
   72.92  140 |
   73.59  132
    3   0   66.16( 283)    0   0  |    0   0
   74.56  114 
   74.31  117 |
   75.90  103
    2   3   74.93( 102)    0   2  |    0   2
   74.45  117 
   74.41  114 |
   73.43  135
    2   1   70.52( 193)    0   0  |    0   0
   73.95  122 
   75.23  103 |
   75.07  106
    3   0   65.22( 301)    0   0  |    0   0
   74.27  120 
   74.66  110 |
   76.07  101
    2   0   69.47( 223)    0   0  |    0   0
   73.44  129 
   75.93   97 |
   76.80   90
    3   1   63.33( 327)    0   0  |    0   0
   74.96  108 
   73.40  129 |
   72.94  139
    3   1   67.29( 265)    0   0  |    0   0
   74.93  110 
   73.29  131 |
   74.33  120
    2   2   68.04( 249)    0   0  |    0   0
   74.50  116 
   73.68  128 |
   72.59  148
    3   2   67.09( 268)    0   0  |    0   0
   73.38  130 
   74.60  112 |
   74.24  122
    1   1   74.87( 106)    0   0  |    0   0
   73.70  123 
   73.95  124 |
   74.56  114
    1   3   79.97(  34)    0   0  |    0   1
   73.70  124 
   73.81  127 |
   72.90  140
    2   1   70.94( 186)    0   0  |    0   0
   73.54  126 
   73.94  125 |
   74.37  119
    3   1   62.51( 332)    0   0  |    0   0
   72.82  136 
   74.66  109 |
   73.98  126
    4   1   65.54( 296)    0   0  |    0   0
   72.77  137 
   74.40  115 |
   74.83  111
    2   0   64.14( 313)    0   0  |    0   0
   73.45  127 
   73.08  137 |
   73.86  129
    1   2   76.79(  67)    0   0  |    0   1
   74.05  121 
   71.60  167 |
   71.22  173
    2   2   75.00( 101)    0   1  |    0   1
   72.37  144 
   74.22  120 |
   74.55  115
    3   2   74.69( 113)    0   0  |    0   1
   72.90  134 
   73.29  130 |
   74.94  109
    3   1   69.01( 235)    0   0  |    0   0
   73.45  128 
   72.34  151 |
   74.32  121
    3   0   57.75( 344)    0   0  |    0   0
   72.96  133 
   73.09  136 |
   73.91  128
    4   0   65.30( 300)    0   0  |    0   0
   72.23  145 
   74.22  119 |
   76.22   98
    2   2   72.93( 141)    0   1  |    0   1
   72.85  135 
   73.12  134 |
   72.77  144
    1   2   72.07( 157)    0   0  |    0   0
   73.02  131 
   72.65  147 |
   71.63  167
    2   2   71.43( 175)    0   0  |    0   0
   72.66  139 
   73.06  138 |
   73.11  137
    3   2   66.80( 275)    0   0  |    0   0
   72.47  141 
   73.23  133 |
   72.04  163
    2   0   65.52( 297)    0   0  |    0   0
   72.43  142 
   73.00  139 |
   73.93  127
    4   1   71.65( 167)    0   0  |    0   0
   72.42  143 
   72.81  143 |
   74.52  116
    1   3   76.07(  84)    0   1  |    0   2
   73.00  132 
   71.73  161 |
   70.26  186
    2   3   72.89( 145)    0   0  |    0   0
   72.74  138 
   72.05  157 |
   71.23  172
    4   1   71.86( 162)    0   0  |    0   0
   72.17  146 
   72.81  144 |
   75.45  105
    1   2   70.10( 204)    0   0  |    0   0
   72.55  140 
   72.08  156 |
   71.42  169
    3   1   67.62( 258)    0   0  |    0   0
   71.55  152 
   73.27  132 |
   72.60  147
    2   2   73.79( 125)    0   0  |    0   0
   72.00  147 
   72.53  148 |
   72.88  143
    2   2   75.46(  90)    0   1  |    0   1
   71.68  150 
   72.81  142 |
   73.66  130
    1   1   74.76( 109)    0   1  |    0   1
   71.41  155 
   73.10  135 |
   73.00  138
    2   2   72.32( 153)    0   0  |    0   0
   71.86  148 
   72.18  154 |
   71.80  165
    3   2   71.84( 163)    0   0  |    0   0
   71.20  160 
   72.91  141 |
   72.57  149
    2   1   73.13( 138)    0   0  |    0   1
   71.64  151 
   71.88  159 |
   72.56  150
    3   1   65.81( 290)    0   0  |    0   0
   71.85  149 
   71.35  172 |
   72.25  157
    3   1   64.44( 311)    0   0  |    0   0
   71.15  163 
   72.46  149 |
   72.49  151
    2   2   70.29( 199)    0   0  |    0   0
   71.25  159 
   72.20  153 |
   72.16  159
    2   1   66.45( 278)    0   1  |    0   1
   71.55  153 
   71.69  163 |
   72.43  153
    3   2   68.45( 245)    0   0  |    0   0
   71.42  154 
   71.82  160 |
   71.61  168
    2   2   72.97( 140)    0   0  |    0   0
   71.05  164 
   72.41  150 |
   72.18  158
    1   2   82.86(  18)    0   1  |    0   1
   70.85  170 
   72.23  152 |
   72.38  155
    0   5   92.31(   1)    0   4  |    0   4
   70.52  177 
   72.66  146 |
   71.87  164
    3   2   76.46(  74)    0   1  |    0   1
   70.84  171 
   72.13  155 |
   73.50  133
    2   1   69.94( 209)    0   1  |    0   1
   70.96  165 
   71.70  162 |
   72.39  154
    1   2   72.74( 149)    0   0  |    0   0
   71.33  157 
   70.77  179 |
   70.18  187
    1   3   76.18(  82)    0   1  |    0   1
   71.36  156 
   70.66  183 |
   69.96  189
    4   1   55.97( 347)    0   0  |    0   0
   70.79  172 
   71.41  171 |
   71.01  175
    2   1   62.80( 330)    0   0  |    0   0
   70.93  167 
   71.17  174 |
   70.69  178
    1   3   77.87(  50)    0   0  |    0   1
   70.92  169 
   71.14  175 |
   70.28  185
    3   2   69.46( 225)    0   1  |    0   1
   71.15  162 
   70.76  180 |
   72.33  156
    2   2   75.05(  99)    0   1  |    0   1
   70.62  175 
   71.62  166 |
   72.12  160
    2   2   75.28(  95)    0   1  |    0   1
   70.41  181 
   71.94  158 |
   72.74  145
    1   1   76.66(  70)    0   1  |    0   1
   69.82  192 
   72.80  145 |
   72.90  141
    0   2   85.38(   9)    0   0  |    0   1
   70.95  166 
   70.91  177 |
   70.49  182
    2   0   67.56( 259)    0   0  |    0   0
   70.42  180 
   71.69  164 |
   72.88  142
    2   1   68.96( 238)    0   0  |    0   0
   70.48  179 
   71.55  168 |
   71.73  166
    1   3   77.22(  60)    0   0  |    0   1
   71.25  158 
   70.01  188 |
   69.48  197
    2   3   74.49( 115)    0   1  |    0   2
   71.16  161 
   69.93  190 |
   70.35  184
    2   1   71.96( 159)    0   0  |    0   0
   70.15  184 
   71.33  173 |
   72.48  152
    3   1   67.49( 260)    0   0  |    0   0
   69.91  189 
   71.66  165 |
   72.66  146
    0   2   80.03(  32)    0   0  |    0   0
   70.93  168 
   69.98  189 |
   69.62  196
    3   1   60.72( 338)    0   0  |    0   0
   69.95  188 
   71.42  170 |
   71.10  174
    2   1   72.68( 150)    0   0  |    0   0
   69.87  191 
   71.48  169 |
   72.10  161
    3   1   60.77( 337)    0   0  |    0   0
   70.36  182 
   70.67  182 |
   70.41  183
    2   1   70.38( 197)    0   0  |    0   0
   70.13  185 
   70.48  184 |
   70.91  176
    2   2   69.00( 236)    0   0  |    0   0
   69.81  193 
   70.81  178 |
   70.67  180
    2   2   64.09( 314)    0   0  |    0   0
   70.52  176 
   69.22  199 |
   68.29  210
    2   1   66.72( 276)    0   0  |    0   0
   69.80  194 
   70.39  186 |
   70.63  181
    2   1   69.34( 230)    0   0  |    0   0
   69.33  200 
   70.97  176 |
   71.40  171
    2   2   62.66( 331)    0   0  |    0   0
   69.56  195 
   70.45  185 |
   68.50  206
    2   3   64.42( 312)    0   0  |    0   0
   69.41  198 
   70.68  181 |
   68.12  213
    2   3   69.45( 226)    0   0  |    0   1
   70.49  178 
   68.92  201 |
   68.26  211
    1   1   67.19( 267)    0   0  |    0   0
   70.11  186 
   69.41  194 |
   69.84  191
    0   2   77.65(  54)    0   0  |    0   0
   70.69  173 
   68.41  208 |
   67.58  221
    2   2   70.79( 190)    0   0  |    0   0
   70.06  187 
   69.26  198 |
   70.77  177
    0   3   79.51(  36)    0   0  |    0   0
   70.62  174 
   68.02  216 |
   67.16  227
    0   2   72.27( 154)    0   0  |    0   0
   70.23  183 
   68.51  204 |
   66.38  236
    1   2   74.14( 121)    0   0  |    0   0
   69.38  199 
   69.82  192 |
   69.71  194
    2   2   66.03( 286)    0   1  |    0   1
   68.90  206 
   69.81  193 |
   68.92  202
    2   2   71.48( 172)    0   0  |    0   0
   69.43  197 
   68.81  202 |
   69.74  193
    3   1   70.07( 205)    0   0  |    0   1
   68.43  213 
   70.30  187 |
   71.42  170
    3   2   61.90( 333)    0   0  |    0   0
   68.67  210 
   69.92  191 |
   69.08  199
    1   1   65.86( 289)    0   0  |    0   0
   69.05  202 
   69.31  196 |
   69.28  198
    1   3   73.65( 128)    0   0  |    0   0
   69.54  196 
   68.47  207 |
   69.02  201
    1   4   78.45(  45)    0   1  |    0   2
   69.88  190 
   67.86  218 |
   67.39  223
    3   1   66.80( 274)    0   0  |    0   0
   68.95  205 
   69.32  195 |
   70.68  179
    2   1   67.67( 256)    0   0  |    0   0
   69.20  201 
   68.49  206 |
   69.91  190
    2   2   63.02( 329)    0   1  |    0   1
   68.75  208 
   69.04  200 |
   68.88  203
    2   3   75.38(  91)    0   0  |    0   1
   68.47  212 
   69.31  197 |
   69.80  192
    3   2   72.20( 156)    0   1  |    0   1
   69.03  203 
   68.37  209 |
   69.67  195
    1   2   70.82( 189)    0   0  |    0   0
   68.76  207 
   68.54  203 |
   67.92  215
    2   1   63.77( 320)    0   0  |    0   0
   68.96  204 
   68.06  214 |
   68.39  207
    1   4   74.08( 122)    0   0  |    0   1
   68.74  209 
   67.83  219 |
   67.58  220
    2   3   68.22( 247)    0   1  |    0   1
   68.20  214 
   68.32  211 |
   67.72  219
    1   2   70.06( 206)    0   0  |    0   1
   68.14  215 
   68.37  210 |
   68.01  214
    2   2   69.18( 233)    0   0  |    0   0
   68.09  216 
   68.27  212 |
   69.04  200
    2   2   66.83( 273)    0   0  |    0   0
   68.58  211 
   66.76  229 |
   67.78  217
    2   2   63.78( 319)    0   0  |    0   0
   67.96  217 
   67.76  220 |
   67.89  216
    1   2   74.22( 119)    0   0  |    0   0
   67.89  218 
   67.57  223 |
   67.30  224
    3   2   69.72( 214)    0   0  |    0   0
   67.34  221 
   67.86  217 |
   69.97  188
    0   4   77.04(  64)    0   0  |    0   0
   67.06  222 
   68.04  215 |
   66.53  235
    1   2   79.24(  40)    0   1  |    0   2
   66.82  226 
   68.26  213 |
   68.75  204
    2   2   69.95( 208)    0   0  |    0   0
   67.60  219 
   66.82  228 |
   67.43  222
    1   3   71.12( 183)    0   0  |    0   1
   66.66  229 
   67.70  222 |
   67.01  229
    2   2   69.58( 220)    0   0  |    0   1
   66.64  230 
   67.72  221 |
   68.35  208
    1   3   69.61( 219)    0   1  |    0   1
   67.49  220 
   66.00  242 |
   65.71  246
    1   1   76.10(  83)    0   1  |    0   1
   66.74  228 
   66.69  231 |
   67.27  225
    2   3   69.64( 216)    0   0  |    0   0
   66.74  227 
   66.66  232 |
   66.31  237
    1   4   71.32( 179)    0   0  |    0   0
   66.96  223 
   66.00  243 |
   64.61  260
    2   2   70.19( 201)    0   0  |    0   0
   66.85  224 
   66.17  237 |
   67.19  226
    0   3   83.45(  14)    0   1  |    0   1
   66.26  236 
   67.00  225 |
   66.68  233
    0   0    0.00(   0)    0   0  |    0   0
   66.35  234 
   66.43  233 |
   66.62  234
    0   4   78.16(  46)    0   1  |    0   1
   66.84  225 
   65.25  256 |
   63.74  271
    1   4   84.38(  10)    0   2  |    0   3
   66.53  233 
   65.68  245 |
   66.23  240
    1   2   77.78(  51)    0   1  |    0   1
   66.21  238 
   66.06  240 |
   66.24  239
    1   1   65.21( 302)    0   0  |    0   0
   66.09  239 
   66.21  236 |
   66.00  242
    1   2   77.70(  52)    0   1  |    0   1
   64.38  266 
   68.51  205 |
   68.29  209
    1   3   71.27( 180)    0   0  |    0   0
   66.06  240 
   66.11  238 |
   65.86  244
    1   3   75.03( 100)    0   0  |    0   0
   66.59  231 
   65.22  258 |
   65.59  249
    1   3   76.19(  81)    0   0  |    0   1
   65.95  241 
   66.03  241 |
   66.29  238
    0   4   73.71( 127)    0   0  |    0   1
   65.80  244 
   66.27  234 |
   63.90  270
    1   3   66.96( 271)    0   0  |    0   0
   66.27  235 
   65.31  255 |
   64.75  256
    3   1   67.29( 264)    0   0  |    0   0
   65.11  253 
   67.00  226 |
   68.51  205
    0   3   72.98( 139)    0   0  |    0   0
   66.24  237 
   65.10  260 |
   63.69  273
    1   2   68.75( 242)    0   0  |    0   0
   65.88  243 
   65.51  251 |
   65.18  253
    0   4   80.11(  30)    0   0  |    0   1
   66.57  232 
   64.14  268 |
   63.14  280
    1   3   71.90( 161)    0   0  |    0   0
   65.42  248 
   66.10  239 |
   65.66  247
    2   2   73.23( 134)    0   0  |    0   1
   64.84  256 
   66.94  227 |
   67.76  218
    3   0   58.08( 343)    0   0  |    0   0
   65.45  247 
   65.70  244 |
   67.01  228
    2   2   63.19( 328)    0   0  |    0   0
   65.57  245 
   65.47  252 |
   65.44  252
    1   3   80.94(  27)    0   1  |    0   2
   64.66  262 
   66.73  230 |
   68.24  212
    0   4   71.69( 165)    0   0  |    0   0
   65.28  249 
   65.66  246 |
   63.39  276
    0   2   76.76(  68)    0   0  |    0   0
   65.51  246 
   65.20  259 |
   64.70  258
    2   3   71.22( 182)    0   0  |    0   0
   65.20  252 
   65.64  247 |
   65.91  243
    2   4   73.28( 133)    0   1  |    0   1
   65.27  250 
   65.39  253 |
   66.22  241
    2   2   70.30( 198)    0   0  |    0   0
   63.99  274 
   67.02  224 |
   66.74  232
    1   1   64.90( 307)    0   0  |    0   0
   64.87  255 
   65.54  249 |
   66.88  231
    1   3   77.15(  62)    0   0  |    0   0
   64.67  261 
   65.53  250 |
   66.93  230
    0   3   82.78(  19)    0   0  |    0   1
   64.19  268 
   66.21  235 |
   65.81  245
    0   2   79.09(  42)    0   0  |    0   0
   65.93  242 
   63.29  279 |
   63.22  279
    0   2   79.26(  39)    0   0  |    0   1
   64.72  259 
   65.23  257 |
   64.62  259
    2   2   63.37( 326)    0   0  |    0   0
   64.75  258 
   64.83  263 |
   64.73  257
    1   3   77.90(  49)    0   1  |    0   2
   64.58  263 
   65.02  262 |
   65.49  251
    2   3   65.01( 304)    0   0  |    0   0
   64.18  269 
   65.60  248 |
   64.30  261
    1   4   67.64( 257)    0   0  |    0   0
   65.11  254 
   63.61  275 |
   62.05  289
    1   3   65.52( 298)    0   0  |    0   0
   65.25  251 
   63.18  281 |
   63.31  278
    2   2   63.43( 324)    0   0  |    0   0
   63.92  275 
   65.03  261 |
   63.53  274
    1   3   79.64(  35)    0   2  |    0   2
   64.25  267 
   64.37  266 |
   65.07  255
    2   2   65.99( 287)    0   0  |    0   1
   63.31  283 
   65.37  254 |
   65.10  254
    0   2   83.23(  15)    0   0  |    0   1
   64.11  272 
   64.14  267 |
   64.23  262
    2   3   69.16( 234)    0   1  |    0   2
   64.17  270 
   64.03  269 |
   63.97  269
    0   4   77.26(  59)    0   0  |    0   1
   64.13  271 
   63.85  271 |
   62.06  288
    0   4   74.81( 108)    0   0  |    0   1
   64.47  265 
   63.23  280 |
   61.70  297
    1   4   72.84( 147)    0   1  |    0   2
   64.79  257 
   62.53  285 |
   61.98  291
    1   2   69.35( 229)    0   0  |    0   0
   63.63  280 
   64.39  265 |
   64.15  264
    1   4   69.46( 224)    0   0  |    0   0
   64.11  273 
   63.58  276 |
   63.73  272
    0   3   74.51( 114)    0   0  |    0   0
   64.56  264 
   62.38  286 |
   61.84  295
    1   2   70.05( 207)    0   0  |    0   1
   63.70  278 
   63.79  273 |
   64.04  268
    0   2   76.94(  65)    0   0  |    0   0
   63.63  281 
   63.12  282 |
   63.06  281
    1   3   71.71( 164)    0   0  |    0   1
   63.29  284 
   63.45  278 |
   62.73  283
    0   4   72.89( 144)    0   0  |    0   0
   63.84  277 
   62.09  289 |
   61.46  299
    2   2   69.57( 222)    0   1  |    0   1
   62.67  290 
   63.79  272 |
   64.13  265
    2   2   71.63( 168)    0   0  |    0   1
   61.98  298 
   64.67  264 |
   65.49  250
    1   1   65.56( 295)    0   0  |    0   0
   63.16  286 
   62.86  284 |
   63.48  275
    0   3   72.91( 142)    0   1  |    0   1
   63.69  279 
   61.45  299 |
   60.52  310
    0   3   78.15(  47)    0   1  |    0   1
   63.14  287 
   62.36  287 |
   62.09  287
    0   2   74.72( 112)    0   0  |    0   0
   63.37  282 
   61.90  292 |
   61.82  296
    0   3   70.76( 191)    0   0  |    0   1
   63.84  276 
   60.78  311 |
   59.86  321
    0   2   88.10(   3)    0   0  |    0   2
   61.97  299 
   63.93  270 |
   64.10  266
    1   4   76.33(  76)    0   1  |    0   2
   61.65  302 
   63.77  274 |
   64.17  263
    0   2   68.96( 237)    0   0  |    0   0
   63.24  285 
   61.13  304 |
   60.84  306
    2   1   68.50( 244)    0   0  |    0   0
   62.84  289 
   61.78  294 |
   64.07  267
    0   2   77.50(  56)    0   0  |    0   0
   62.62  291 
   62.02  291 |
   61.93  292
    0   4   68.01( 251)    0   0  |    0   0
   63.11  288 
   61.05  306 |
   59.69  323
    1   3   78.53(  44)    0   1  |    0   1
   62.46  294 
   61.73  295 |
   62.94  282
    0   3   82.59(  20)    0   1  |    0   1
   62.14  295 
   62.08  290 |
   62.22  286
    1   1   63.88( 316)    0   0  |    0   0
   61.49  304 
   62.97  283 |
   63.33  277
    0   3   70.97( 185)    0   0  |    0   0
   62.50  293 
   61.15  302 |
   60.26  314
    0   1   83.51(  13)    0   0  |    0   0
   64.70  260 
   52.99  348 |
   53.70  349
    2   2   66.08( 285)    0   0  |    0   0
   61.96  300 
   61.71  296 |
   62.61  284
    0   4   75.30(  94)    0   0  |    0   0
   61.82  301 
   61.84  293 |
   61.19  301
    0   3   75.70(  87)    0   0  |    0   0
   62.09  296 
   61.14  303 |
   60.49  311
    0   3   74.49( 116)    0   0  |    0   0
   62.58  292 
   60.09  319 |
   59.68  324
    0   5   75.99(  85)    0   0  |    0   0
   61.99  297 
   60.95  309 |
   60.38  312
    2   2   72.87( 146)    0   0  |    0   0
   60.11  321 
   63.55  277 |
   65.65  248
    1   3   66.27( 280)    0   0  |    0   0
   61.31  305 
   61.34  300 |
   61.06  304
    2   3   69.61( 218)    0   0  |    0   0
   60.48  316 
   62.31  288 |
   62.04  290
    0   3   87.14(   4)    0   1  |    0   1
   60.89  311 
   61.32  301 |
   61.58  298
    0   2   75.17(  98)    0   0  |    0   1
   60.59  314 
   61.54  298 |
   60.58  309
    1   4   68.40( 246)    0   0  |    0   0
   61.22  306 
   60.16  317 |
   60.24  316
    1   3   65.90( 288)    0   0  |    0   0
   61.15  307 
   60.15  318 |
   60.25  315
    0   4   79.27(  38)    0   1  |    0   2
   60.66  313 
   60.82  310 |
   59.87  320
    1   3   74.84( 107)    0   0  |    0   1
   60.35  318 
   61.06  305 |
   61.85  293
    0   3   69.84( 210)    0   0  |    0   0
   60.94  310 
   60.08  320 |
   59.19  325
    0   3   84.28(  11)    0   1  |    0   2
   60.79  312 
   60.34  315 |
   60.37  313
    0   2   76.31(  78)    0   0  |    0   0
   61.51  303 
   58.88  328 |
   59.05  326
    0   2   68.74( 243)    0   0  |    0   0
   60.50  315 
   60.67  312 |
   60.16  317
    0   3   78.92(  43)    0   0  |    0   1
   60.02  322 
   61.03  307 |
   60.86  305
    1   2   69.74( 213)    0   0  |    0   1
   60.35  317 
   60.25  316 |
   61.14  302
    0   4   75.34(  93)    0   1  |    0   1
   60.97  309 
   58.99  326 |
   58.57  329
    1   4   71.61( 169)    0   0  |    0   0
   61.09  308 
   58.40  330 |
   59.98  319
    0   3   79.37(  37)    0   0  |    0   0
   59.13  324 
   61.56  297 |
   61.37  300
    1   3   75.22(  96)    0   0  |    0   0
   60.17  319 
   59.35  325 |
   61.07  303
    2   2   69.40( 228)    0   0  |    0   0
   59.10  325 
   60.95  308 |
   62.43  285
    0   4   67.75( 255)    0   0  |    0   0
   60.12  320 
   58.11  332 |
   57.14  336
    0   4   69.40( 227)    0   0  |    0   0
   59.24  323 
   58.95  327 |
   57.59  334
    1   3   73.85( 124)    0   1  |    0   1
   58.68  327 
   59.52  322 |
   60.81  307
    1   3   69.29( 232)    0   0  |    0   1
   59.06  326 
   58.19  331 |
   58.98  327
    0   5   75.49(  88)    0   0  |    0   0
   58.65  328 
   58.62  329 |
   58.48  330
    0   3   91.35(   2)    0   2  |    0   3
   56.99  336 
   60.40  314 |
   60.75  308
    1   3   71.36( 177)    0   0  |    0   0
   57.78  332 
   59.40  323 |
   59.80  322
    1   2   76.30(  79)    0   1  |    0   1
   56.75  337 
   60.41  313 |
   61.85  294
    0   2   86.79(   5)    0   1  |    0   1
   56.73  339 
   59.78  321 |
   60.13  318
    0   4   79.99(  33)    0   1  |    0   1
   56.54  341 
   59.38  324 |
   58.89  328
    0   3   85.50(   7)    0   1  |    0   1
   58.01  331 
   57.37  335 |
   57.83  332
    0   2   85.88(   6)    0   1  |    0   1
   58.26  329 
   56.36  340 |
   56.90  337
    0   3   72.06( 158)    0   0  |    0   0
   58.12  330 
   56.37  339 |
   56.28  340
    0   5   74.02( 123)    0   0  |    0   0
   57.58  333 
   56.78  338 |
   56.41  339
    0   4   74.27( 118)    0   0  |    0   0
   56.73  340 
   57.55  334 |
   57.15  335
    0   3   68.79( 239)    0   0  |    0   0
   57.29  335 
   56.10  342 |
   55.65  343
    0   3   80.99(  26)    0   0  |    0   1
   56.24  343 
   57.73  333 |
   58.00  331
    0   2   66.11( 284)    0   0  |    0   0
   57.36  334 
   55.53  344 |
   54.25  348
    0   3   71.26( 181)    0   0  |    0   0
   56.30  342 
   57.34  336 |
   56.65  338
    0   2   75.88(  86)    0   0  |    0   0
   56.19  345 
   57.32  337 |
   57.59  333
    1   3   63.72( 321)    0   0  |    0   0
   56.24  344 
   56.36  341 |
   56.15  341
    0   3   69.75( 212)    0   0  |    0   0
   56.75  338 
   55.13  345 |
   55.26  344
    0   6   77.40(  57)    0   0  |    0   2
   56.07  346 
   56.03  343 |
   56.10  342
    0   2   76.59(  72)    0   0  |    0   0
   54.62  347 
   53.70  347 |
   54.29  347
    0   5   82.25(  21)    0   1  |    0   3
   53.85  348 
   54.22  346 |
   54.52  345
    1   3   77.28(  58)    0   1  |    0   1
   53.18  350 
   52.90  349 |
   54.37  346
    0   3   72.48( 151)    0   0  |    0   0
   53.20  349 
   52.20  350 |
   52.70  350
    0   4   72.91( 143)    0   0  |    0   0
   48.96  351 
   51.55  351 |
   51.78  351
  2.93
  94.66
  94.15
  93.37
  93.03
  92.80
  92.75
  92.55
  91.33
  90.78
  90.76
  2.93
  90.37
  90.23
  89.60
  89.18
  88.92
  88.62
  88.49
  88.45
  88.31
  88.04
  2.93
  88.00
  87.97
  87.53
  86.78
  86.34
  86.18
  86.02
  86.01
  85.47
  84.85
  2.93
  84.83
  84.80
  84.50
  84.32
  84.20
  84.08
  84.07
  83.97
  83.88
  83.87
  2.93
  83.51
  83.44
  83.43
  83.35
  83.20
  82.92
  82.60
  82.50
  82.50
  82.18
  2.93
  82.00
  82.00
  81.73
  81.54
  81.41
  81.27
  81.12
  81.08
  81.01
  80.94
  2.93
  80.92
  80.92
  80.58
  80.56
  80.34
  80.19
  80.16
  80.09
  79.81
  79.73
  2.93
  79.52
  79.24
  79.20
  79.16
  78.94
  78.69
  78.52
  78.51
  78.47
  78.42
  2.93
  78.13
  78.12
  78.10
  78.03
  77.86
  77.67
  77.60
  77.59
  77.18
  77.15
  2.93
  77.09
  76.88
  76.66
  76.54
  76.43
  76.08
  75.95
  75.81
  75.72
  75.63
  2.93
  75.41
  75.39
  75.21
  75.18
  75.13
  75.10
  75.07
  74.99
  74.93
  74.75
  2.93
  74.56
  74.52
  74.48
  74.48
  74.46
  74.46
  74.43
  74.43
  74.41
  74.36
  2.93
  74.35
  74.29
  74.18
  73.83
  73.79
  73.74
  73.69
  73.51
  73.38
  73.31
  2.93
  73.10
  73.06
  73.04
  73.02
  73.00
  72.98
  72.95
  72.88
  72.81
  72.75
  2.93
  72.64
  72.57
  72.50
  72.47
  72.41
  72.36
  72.20
  72.20
  72.11
  72.04
  2.93
  71.98
  71.84
  71.72
  71.65
  71.64
  71.60
  71.60
  71.57
  71.56
  71.37
  2.93
  71.33
  71.33
  71.24
  71.11
  71.09
  71.02
  71.02
  71.00
  70.99
  70.99
  2.93
  70.99
  70.96
  70.93
  70.90
  70.88
  70.77
  70.68
  70.60
  70.57
  70.56
  2.93
  70.51
  70.49
  70.47
  70.26
  70.19
  70.02
  70.02
  69.96
  69.90
  69.89
  2.93
  69.89
  69.84
  69.82
  69.75
  69.64
  69.58
  69.54
  69.24
  69.19
  69.15
  2.93
  69.15
  69.14
  69.13
  69.12
  69.09
  68.92
  68.85
  68.79
  68.77
  68.67
  2.93
  68.61
  68.39
  68.24
  68.22
  68.15
  67.90
  67.88
  67.76
  67.54
  67.43
  2.93
  67.38
  67.30
  67.06
  67.06
  66.93
  66.71
  66.71
  66.59
  66.59
  66.54
  2.93
  66.38
  66.25
  66.21
  66.15
  66.13
  66.08
  66.08
  66.07
  65.98
  65.97
  2.93
  65.90
  65.86
  65.81
  65.73
  65.68
  65.68
  65.67
  65.54
  65.53
  65.48
  2.93
  65.42
  65.38
  65.36
  65.31
  65.22
  65.12
  65.00
  65.00
  64.98
  64.91
  2.93
  64.77
  64.74
  64.74
  64.55
  64.49
  64.35
  64.29
  64.13
  64.12
  64.11
  2.93
  64.02
  64.01
  63.97
  63.92
  63.91
  63.77
  63.73
  63.43
  63.35
  63.20
  2.93
  63.10
  63.08
  63.04
  62.89
  62.84
  62.83
  62.78
  62.76
  62.51
  62.48
  2.93
  62.44
  62.39
  62.37
  62.18
  62.11
  62.08
  62.00
  61.97
  61.86
  61.82
  2.93
  61.74
  61.70
  61.60
  61.58
  61.32
  61.22
  61.05
  60.97
  60.83
  60.78
  2.93
  60.71
  60.62
  60.62
  60.62
  60.60
  60.56
  60.41
  60.31
  60.27
  60.17
  2.93
  60.14
  59.86
  59.86
  59.42
  59.13
  59.01
  58.73
  58.63
  58.50
  58.44
  2.93
  58.39
  58.07
  57.78
  57.77
  57.60
  57.50
  57.28
  57.05
  56.86
  56.85
  2.93
  56.72
  56.72
  56.65
  56.28
  56.18
  56.05
  54.28
  53.99
  53.07
  52.84
  2.93
  50.15
