maxTemp,minTemp,wind,longitude,latitude
28.55,15.76,19.9,-90.3,46.6
28.45,15.31,21.38,-90.2,46.5
28.26,15.39,21.06,-90.2,46.6
29.2,15.8,20.93,-90.1,46.4
28.22,15.05,21.97,-90.1,46.5
28.46,15.36,21.53,-90.1,46.6
29.35,15.84,20.88,-90.0,46.4
28.92,15.63,21.33,-90.0,46.5
28.74,15.55,21.31,-90.0,46.6
30.25,16.17,20.55,-89.9,46.3
29.55,15.92,20.76,-89.9,46.4
29.15,15.74,21.18,-89.9,46.5
29.05,15.9,21.65,-89.9,46.6
28.01,15.79,21.61,-89.9,46.7
30.4,16.23,20.49,-89.8,46.3
30.09,16.12,20.88,-89.8,46.4
29.41,16.0,21.39,-89.8,46.5
32.36,16.02,22.1,-89.8,46.6
31.79,16.02,22.23,-89.8,46.7
30.08,15.53,22.2,-89.8,46.8
30.86,16.53,20.4,-89.7,46.3
30.3,16.36,21.16,-89.7,46.4
32.97,16.26,21.72,-89.7,46.5
32.4,16.12,22.05,-89.7,46.6
31.98,16.05,21.85,-89.7,46.7
30.91,16.01,22.82,-89.7,46.8
31.09,16.63,20.48,-89.6,46.3
30.82,16.64,20.75,-89.6,46.4
33.23,16.56,21.23,-89.6,46.5
32.64,16.29,21.52,-89.6,46.6
32.01,16.13,21.83,-89.6,46.7
30.93,16.06,22.86,-89.6,46.8
31.19,16.7,20.42,-89.5,46.3
30.77,16.61,20.52,-89.5,46.4
33.28,16.64,21.18,-89.5,46.5
33.13,16.67,21.41,-89.5,46.6
32.16,16.24,22.86,-89.5,46.7
31.53,16.26,23.18,-89.5,46.8
31.92,16.84,19.62,-89.4,46.2
31.7,16.88,19.87,-89.4,46.3
30.92,16.68,20.46,-89.4,46.4
33.31,16.71,21.14,-89.4,46.5
33.33,16.57,20.99,-89.4,46.6
32.86,16.49,22.23,-89.4,46.7
31.69,16.36,22.38,-89.4,46.8
32.18,16.75,19.11,-89.3,46.2
31.69,16.84,19.44,-89.3,46.3
33.89,16.85,19.57,-89.3,46.4
33.76,16.9,19.73,-89.3,46.5
33.41,16.81,20.88,-89.3,46.6
32.97,16.82,22.2,-89.3,46.7
32.69,16.7,22.42,-89.3,46.8
32.45,16.72,18.6,-89.2,46.2
32.31,17.12,19.28,-89.2,46.3
34.03,16.95,19.41,-89.2,46.4
33.9,17.01,19.59,-89.2,46.5
33.46,16.88,21.0,-89.2,46.6
33.08,16.93,22.17,-89.2,46.7
32.78,16.8,22.43,-89.2,46.8
31.62,16.64,22.41,-89.2,46.9
24.87,13.82,31.79,-89.2,47.9
32.64,17.01,19.0,-89.1,46.2
32.26,17.08,19.25,-89.1,46.3
34.24,17.23,19.53,-89.1,46.4
34.0,17.26,19.72,-89.1,46.5
33.93,17.42,19.37,-89.1,46.6
33.24,17.15,20.98,-89.1,46.7
32.73,17.11,22.05,-89.1,46.8
32.02,16.75,22.68,-89.1,46.9
25.29,13.9,29.21,-89.1,47.9
32.43,17.13,19.24,-89.0,46.2
32.3,17.25,19.1,-89.0,46.3
32.34,17.51,18.91,-89.0,46.4
34.22,17.59,19.28,-89.0,46.5
34.02,17.65,19.24,-89.0,46.6
33.9,17.71,19.42,-89.0,46.7
33.26,17.66,20.61,-89.0,46.8
32.58,17.15,21.96,-89.0,46.9
26.3,14.4,29.18,-89.0,47.9
33.07,17.66,19.16,-88.9,46.1
32.77,17.65,19.35,-88.9,46.2
32.51,17.57,18.81,-88.9,46.3
32.41,17.64,18.89,-88.9,46.4
34.14,17.69,19.05,-88.9,46.5
34.02,17.75,19.19,-88.9,46.6
33.89,17.79,19.39,-88.9,46.7
33.24,17.73,20.6,-88.9,46.8
33.14,17.63,22.47,-88.9,46.9
32.94,17.68,23.02,-88.9,47.0
25.64,13.66,27.54,-88.9,48.0
33.07,17.92,19.2,-88.8,46.1
32.83,17.85,19.38,-88.8,46.2
32.57,17.73,18.8,-88.8,46.3
32.48,17.77,18.85,-88.8,46.4
34.14,17.81,18.97,-88.8,46.5
34.02,17.84,19.12,-88.8,46.6
33.88,17.87,19.34,-88.8,46.7
33.24,17.8,20.57,-88.8,46.8
33.11,17.69,22.52,-88.8,46.9
32.86,17.72,23.16,-88.8,47.0
31.66,17.34,25.36,-88.8,47.1
25.95,13.74,27.57,-88.8,48.0
33.16,18.12,19.14,-88.7,46.1
32.9,18.03,19.35,-88.7,46.2
32.82,18.02,19.34,-88.7,46.3
32.47,17.9,18.6,-88.7,46.4
34.15,17.92,18.88,-88.7,46.5
34.22,18.08,20.63,-88.7,46.6
33.94,18.05,20.35,-88.7,46.7
33.44,18.01,22.14,-88.7,46.8
33.18,18.0,22.71,-88.7,46.9
32.57,17.83,24.4,-88.7,47.0
31.88,17.33,25.56,-88.7,47.1
31.45,16.95,26.62,-88.7,47.2
26.03,13.58,28.07,-88.7,48.1
33.34,18.6,18.88,-88.6,46.1
32.98,18.21,19.28,-88.6,46.2
32.9,18.31,18.9,-88.6,46.3
32.73,18.31,18.76,-88.6,46.4
34.36,18.17,20.34,-88.6,46.5
34.25,18.18,20.54,-88.6,46.6
34.1,18.4,20.63,-88.6,46.7
33.48,18.08,22.02,-88.6,46.8
33.19,18.04,22.62,-88.6,46.9
32.53,17.77,24.34,-88.6,47.0
31.96,17.24,25.51,-88.6,47.1
31.15,16.65,27.27,-88.6,47.2
26.43,13.63,28.94,-88.6,48.1
33.77,19.24,18.53,-88.5,46.1
33.59,19.2,18.94,-88.5,46.2
33.18,18.86,18.76,-88.5,46.3
32.81,18.45,18.61,-88.5,46.4
34.54,18.73,20.02,-88.5,46.5
34.3,18.52,20.18,-88.5,46.6
34.16,18.49,20.49,-88.5,46.7
33.51,18.34,22.01,-88.5,46.8
33.22,18.23,22.6,-88.5,46.9
32.66,17.59,24.26,-88.5,47.0
31.77,16.85,25.61,-88.5,47.1
30.63,15.94,27.52,-88.5,47.2
34.3,20.2,18.58,-88.4,46.0
34.01,19.97,18.38,-88.4,46.1
33.68,19.39,18.82,-88.4,46.2
33.6,19.31,19.77,-88.4,46.3
33.23,18.87,19.71,-88.4,46.4
34.59,18.84,19.88,-88.4,46.5
34.37,18.62,20.01,-88.4,46.6
34.25,18.58,20.29,-88.4,46.7
33.63,18.43,21.73,-88.4,46.8
32.83,17.57,23.78,-88.4,47.0
32.23,17.12,24.59,-88.4,47.1
31.44,16.43,25.61,-88.4,47.2
31.43,16.8,26.2,-88.4,47.3
34.89,21.36,18.18,-88.3,46.0
34.11,20.19,18.26,-88.3,46.1
33.91,19.76,18.07,-88.3,46.2
33.83,19.66,18.0,-88.3,46.3
33.71,19.63,19.48,-88.3,46.4
34.84,19.44,19.03,-88.3,46.5
34.68,19.07,19.35,-88.3,46.6
34.57,18.92,19.62,-88.3,46.7
33.98,18.4,21.18,-88.3,46.8
32.96,17.23,22.99,-88.3,47.1
32.48,16.5,22.57,-88.3,47.2
31.99,16.73,24.56,-88.3,47.3
31.4,16.53,25.13,-88.3,47.4
35.35,21.62,17.81,-88.2,46.0
34.56,20.8,17.84,-88.2,46.1
34.0,19.93,17.92,-88.2,46.2
34.16,20.08,19.26,-88.2,46.3
33.86,19.55,18.82,-88.2,46.4
34.92,19.35,18.81,-88.2,46.5
34.88,19.17,18.93,-88.2,46.6
34.64,18.95,19.22,-88.2,46.7
34.25,18.49,20.45,-88.2,46.8
32.22,16.67,23.69,-88.2,47.3
31.9,16.54,24.5,-88.2,47.4
36.5,21.59,18.29,-88.1,45.8
35.72,22.08,18.19,-88.1,45.9
35.62,21.97,18.05,-88.1,46.0
35.03,21.37,17.37,-88.1,46.1
34.48,20.57,19.14,-88.1,46.2
34.97,19.73,18.9,-88.1,46.3
35.01,19.45,18.55,-88.1,46.4
35.01,19.24,18.56,-88.1,46.5
35.0,19.07,18.59,-88.1,46.6
34.84,18.86,18.76,-88.1,46.7
34.51,18.44,19.86,-88.1,46.8
34.09,17.8,21.34,-88.1,46.9
32.39,16.59,23.5,-88.1,47.3
32.11,16.47,24.03,-88.1,47.4
35.86,22.45,18.48,-88.0,45.8
35.72,22.14,18.15,-88.0,45.9
35.64,22.0,17.97,-88.0,46.0
35.02,21.71,17.35,-88.0,46.1
34.57,20.66,19.03,-88.0,46.2
35.07,19.79,18.65,-88.0,46.3
35.08,19.52,18.57,-88.0,46.4
35.1,19.29,18.49,-88.0,46.5
35.14,19.1,18.39,-88.0,46.6
35.23,18.72,18.61,-88.0,46.7
34.85,18.34,19.04,-88.0,46.8
34.62,18.18,19.73,-88.0,46.9
32.2,16.41,23.49,-88.0,47.4
35.79,22.7,18.08,-87.9,45.8
35.75,22.53,17.92,-87.9,45.9
35.7,21.92,17.33,-87.9,46.0
35.05,21.71,17.3,-87.9,46.1
34.92,20.9,18.12,-87.9,46.2
35.12,19.68,18.5,-87.9,46.3
35.14,19.4,18.35,-87.9,46.4
35.19,19.16,18.18,-87.9,46.5
35.29,18.98,17.96,-87.9,46.6
35.51,18.6,17.86,-87.9,46.7
35.67,18.35,17.51,-87.9,46.8
35.39,18.29,18.46,-87.9,46.9
32.26,16.34,23.04,-87.9,47.4
36.86,25.96,20.33,-87.8,45.4
35.91,23.44,18.68,-87.8,45.7
35.81,22.84,18.07,-87.8,45.8
35.8,22.49,17.31,-87.8,45.9
35.74,22.25,17.08,-87.8,46.0
35.33,21.7,16.7,-87.8,46.1
34.89,20.71,18.43,-87.8,46.2
35.28,19.7,18.31,-87.8,46.3
35.19,19.25,18.11,-87.8,46.4
35.26,19.0,17.85,-87.8,46.5
35.44,18.63,17.85,-87.8,46.6
35.8,18.46,17.05,-87.8,46.7
36.55,17.8,15.12,-87.8,46.8
32.75,16.64,23.94,-87.8,47.4
37.62,27.18,20.23,-87.7,45.2
36.9,26.01,20.29,-87.7,45.4
36.66,25.29,19.52,-87.7,45.5
36.25,24.08,18.55,-87.7,45.6
36.42,23.72,17.54,-87.7,45.7
35.89,22.82,17.47,-87.7,45.8
35.82,22.55,17.28,-87.7,45.9
35.75,22.27,17.06,-87.7,46.0
35.54,21.59,18.03,-87.7,46.1
35.28,21.05,17.66,-87.7,46.2
35.42,19.79,17.74,-87.7,46.3
35.26,19.06,17.52,-87.7,46.4
35.33,18.74,17.14,-87.7,46.5
35.52,18.46,17.17,-87.7,46.6
35.95,18.37,16.4,-87.7,46.7
37.72,16.98,11.91,-87.7,46.8
38.7,27.91,18.7,-87.6,45.1
37.93,27.58,20.03,-87.6,45.2
37.28,26.54,20.23,-87.6,45.3
36.93,26.06,20.25,-87.6,45.4
36.73,25.23,18.94,-87.6,45.5
36.28,24.16,18.55,-87.6,45.6
36.43,23.8,17.57,-87.6,45.7
35.92,22.91,17.49,-87.6,45.8
35.85,22.61,17.28,-87.6,45.9
35.87,22.51,16.76,-87.6,46.0
35.9,21.53,17.54,-87.6,46.1
35.87,20.9,17.44,-87.6,46.2
35.58,19.88,17.63,-87.6,46.3
35.27,18.91,17.33,-87.6,46.4
35.42,18.26,17.17,-87.6,46.5
35.56,18.41,17.01,-87.6,46.6
35.83,18.4,16.67,-87.6,46.7
37.28,26.55,20.16,-87.5,45.3
36.94,25.62,19.09,-87.5,45.4
36.65,24.89,18.46,-87.5,45.5
36.57,24.55,18.31,-87.5,45.6
36.28,23.51,17.59,-87.5,45.7
36.21,23.19,17.39,-87.5,45.8
35.99,22.7,17.13,-87.5,45.9
36.03,22.55,17.84,-87.5,46.0
35.97,21.65,17.58,-87.5,46.1
35.94,20.72,18.08,-87.5,46.2
35.59,19.59,18.35,-87.5,46.3
35.33,18.76,17.79,-87.5,46.4
35.38,18.25,16.09,-87.5,46.5
35.5,18.42,16.24,-87.5,46.6
36.93,25.64,19.12,-87.4,45.4
36.68,24.94,18.49,-87.4,45.5
36.43,24.21,18.21,-87.4,45.6
36.33,23.61,17.67,-87.4,45.7
36.25,23.28,17.47,-87.4,45.8
36.2,22.83,17.81,-87.4,45.9
36.03,22.57,17.85,-87.4,46.0
36.08,21.57,18.21,-87.4,46.1
36.0,20.83,18.14,-87.4,46.2
35.64,19.38,18.49,-87.4,46.3
35.36,18.65,17.77,-87.4,46.4
36.01,18.17,13.63,-87.4,46.5
36.55,24.65,18.46,-87.3,45.5
36.48,25.03,17.9,-87.3,45.6
36.4,24.35,17.37,-87.3,45.7
36.31,23.94,17.2,-87.3,45.8
36.23,23.26,17.49,-87.3,45.9
36.08,22.66,17.28,-87.3,46.0
36.1,21.6,18.22,-87.3,46.1
36.04,20.85,18.11,-87.3,46.2
35.82,19.71,18.08,-87.3,46.3
35.6,19.1,17.28,-87.3,46.4
36.42,24.7,17.84,-87.2,45.7
36.39,24.14,17.37,-87.2,45.8
36.27,23.36,17.56,-87.2,45.9
36.09,22.69,17.32,-87.2,46.0
36.13,21.61,18.23,-87.2,46.1
36.1,20.91,18.08,-87.2,46.2
35.98,19.97,17.83,-87.2,46.3
35.84,19.32,16.85,-87.2,46.4
36.64,25.17,18.0,-87.1,45.7
36.49,24.43,17.54,-87.1,45.8
36.22,23.49,17.11,-87.1,45.9
36.14,22.47,17.26,-87.1,46.0
36.17,21.62,18.24,-87.1,46.1
36.13,20.61,18.0,-87.1,46.2
36.12,20.05,17.76,-87.1,46.3
36.05,19.51,17.14,-87.1,46.4
35.92,19.08,16.89,-87.1,46.5
36.25,23.16,17.6,-87.0,45.9
36.17,22.46,17.31,-87.0,46.0
36.2,21.82,17.01,-87.0,46.1
36.19,20.56,18.0,-87.0,46.2
36.17,19.73,17.78,-87.0,46.3
36.19,19.52,17.31,-87.0,46.4
36.04,19.22,17.36,-87.0,46.5
36.26,24.04,17.92,-86.9,45.8
36.13,23.07,18.05,-86.9,45.9
36.21,22.43,17.34,-86.9,46.0
36.21,21.4,16.95,-86.9,46.1
36.24,20.57,17.99,-86.9,46.2
36.18,19.22,17.44,-86.9,46.3
36.28,19.48,17.3,-86.9,46.4
36.25,23.59,18.48,-86.8,45.8
36.11,22.96,18.1,-86.8,45.9
36.09,21.93,17.71,-86.8,46.0
36.24,21.41,16.96,-86.8,46.1
36.26,20.58,16.22,-86.8,46.2
36.35,19.86,17.31,-86.8,46.3
36.52,19.58,17.21,-86.8,46.4
50.36,40.09,21.15,-86.7,41.8
36.1,22.37,18.04,-86.7,45.9
36.11,21.85,17.7,-86.7,46.0
36.3,21.3,16.94,-86.7,46.1
36.38,20.91,16.59,-86.7,46.2
36.56,20.04,17.16,-86.7,46.3
37.04,19.8,16.67,-86.7,46.4
50.72,39.77,21.31,-86.6,41.8
50.52,40.32,21.28,-86.6,41.9
36.26,24.45,19.66,-86.6,45.7
36.11,22.43,18.62,-86.6,45.9
36.1,21.74,17.64,-86.6,46.0
36.29,21.27,16.96,-86.6,46.1
36.39,20.99,16.67,-86.6,46.2
36.6,20.23,17.27,-86.6,46.3
37.08,19.9,16.82,-86.6,46.4
50.89,39.46,21.2,-86.5,41.8
50.28,40.07,21.77,-86.5,41.9
49.97,40.61,22.31,-86.5,42.0
39.82,35.17,22.78,-86.5,43.6
39.54,34.4,22.53,-86.5,43.7
36.1,22.97,19.07,-86.5,45.8
36.08,22.22,18.49,-86.5,45.9
36.07,21.79,18.15,-86.5,46.0
36.26,21.21,16.95,-86.5,46.1
36.37,21.0,16.8,-86.5,46.2
36.54,20.37,17.66,-86.5,46.3
36.64,19.95,18.57,-86.5,46.4
36.6,19.88,19.35,-86.5,46.5
51.15,38.91,20.32,-86.4,41.8
50.4,39.56,21.04,-86.4,41.9
49.67,40.31,21.73,-86.4,42.0
49.21,41.21,22.38,-86.4,42.1
48.9,40.97,22.18,-86.4,42.2
40.85,35.97,22.89,-86.4,43.4
40.06,35.23,22.8,-86.4,43.5
39.78,34.78,22.69,-86.4,43.6
39.7,34.58,22.56,-86.4,43.7
39.35,34.07,22.11,-86.4,43.8
39.4,34.18,20.93,-86.4,43.9
39.4,33.95,21.66,-86.4,44.0
39.6,33.77,23.49,-86.4,44.1
36.06,22.68,18.86,-86.4,45.8
35.99,22.11,18.3,-86.4,45.9
36.0,21.54,17.88,-86.4,46.0
36.08,21.39,17.9,-86.4,46.1
36.33,20.98,16.95,-86.4,46.2
36.43,20.11,18.3,-86.4,46.3
36.48,20.03,19.48,-86.4,46.4
36.5,19.96,20.18,-86.4,46.5
50.99,38.85,20.35,-86.3,41.8
50.53,39.46,20.87,-86.3,41.9
49.76,40.09,21.42,-86.3,42.0
49.14,40.62,21.89,-86.3,42.1
48.75,40.61,21.63,-86.3,42.2
47.78,40.55,20.89,-86.3,42.3
41.79,37.26,23.21,-86.3,43.2
41.03,36.34,23.29,-86.3,43.3
40.82,35.79,22.67,-86.3,43.4
39.97,35.03,22.69,-86.3,43.5
39.77,34.77,22.64,-86.3,43.6
39.69,34.56,22.54,-86.3,43.7
39.51,34.19,22.1,-86.3,43.8
39.43,33.94,21.63,-86.3,43.9
39.45,33.84,22.04,-86.3,44.0
39.57,33.66,23.01,-86.3,44.1
39.68,33.48,23.77,-86.3,44.2
39.67,32.91,23.51,-86.3,44.3
35.82,21.25,17.35,-86.3,46.0
36.0,21.21,17.74,-86.3,46.1
36.11,20.93,17.73,-86.3,46.2
36.19,20.27,19.89,-86.3,46.3
36.29,20.16,20.48,-86.3,46.4
36.34,20.08,21.31,-86.3,46.5
36.45,19.97,21.73,-86.3,46.6
51.09,38.95,20.4,-86.2,41.8
50.65,39.38,20.74,-86.2,41.9
49.67,39.85,21.31,-86.2,42.0
49.25,40.12,21.44,-86.2,42.1
48.63,40.33,21.55,-86.2,42.2
47.83,40.46,20.92,-86.2,42.3
46.91,40.58,21.01,-86.2,42.4
46.95,40.52,21.94,-86.2,42.5
46.63,39.99,22.4,-86.2,42.6
46.3,39.59,23.16,-86.2,42.7
45.62,39.22,23.84,-86.2,42.8
44.48,38.61,22.6,-86.2,42.9
43.72,37.98,22.52,-86.2,43.0
43.58,37.68,21.99,-86.2,43.1
42.99,37.3,21.67,-86.2,43.2
41.38,36.1,22.54,-86.2,43.3
41.11,35.55,22.39,-86.2,43.4
40.49,35.08,22.57,-86.2,43.5
39.76,34.73,22.56,-86.2,43.6
39.67,34.54,22.52,-86.2,43.7
39.68,34.31,22.41,-86.2,43.8
39.43,33.78,21.97,-86.2,43.9
39.47,33.7,22.29,-86.2,44.0
39.44,33.36,22.61,-86.2,44.1
39.64,33.15,22.85,-86.2,44.2
39.61,32.54,22.83,-86.2,44.3
39.39,32.2,22.59,-86.2,44.4
39.29,31.64,21.63,-86.2,44.5
39.66,31.13,20.31,-86.2,44.6
39.41,31.05,20.82,-86.2,44.7
35.41,20.1,15.73,-86.2,46.0
35.88,21.05,17.46,-86.2,46.1
36.08,20.88,17.86,-86.2,46.2
36.19,20.34,18.71,-86.2,46.3
36.25,20.18,20.9,-86.2,46.4
36.34,20.13,21.93,-86.2,46.5
36.43,20.07,23.14,-86.2,46.6
51.56,38.95,20.13,-86.1,41.8
50.59,39.26,20.61,-86.1,41.9
49.94,39.7,21.08,-86.1,42.0
49.35,39.99,21.32,-86.1,42.1
48.72,40.16,21.55,-86.1,42.2
48.19,40.36,21.56,-86.1,42.3
47.36,40.42,21.5,-86.1,42.4
47.2,40.39,21.97,-86.1,42.5
46.59,39.9,22.47,-86.1,42.6
46.24,39.37,22.84,-86.1,42.7
45.72,39.18,23.07,-86.1,42.8
44.99,38.92,22.64,-86.1,42.9
43.83,38.01,22.58,-86.1,43.0
43.59,37.65,22.27,-86.1,43.1
42.16,36.73,22.19,-86.1,43.2
41.48,35.82,22.28,-86.1,43.3
41.44,35.23,22.09,-86.1,43.4
40.7,34.8,22.17,-86.1,43.5
39.94,34.68,22.3,-86.1,43.6
39.65,34.51,22.33,-86.1,43.7
39.62,34.19,22.29,-86.1,43.8
39.35,33.61,22.11,-86.1,43.9
39.31,33.35,22.12,-86.1,44.0
39.36,33.11,22.24,-86.1,44.1
39.44,32.93,22.41,-86.1,44.2
39.3,32.23,22.42,-86.1,44.3
39.25,31.98,22.14,-86.1,44.4
39.26,31.49,21.73,-86.1,44.5
39.32,31.05,20.84,-86.1,44.6
39.24,30.88,20.85,-86.1,44.7
35.75,21.02,17.18,-86.1,46.0
35.96,21.15,17.67,-86.1,46.1
36.2,20.45,17.6,-86.1,46.2
36.17,20.3,18.91,-86.1,46.3
36.27,20.26,19.72,-86.1,46.4
36.47,19.84,22.38,-86.1,46.5
36.68,19.83,24.24,-86.1,46.6
51.63,38.98,20.11,-86.0,41.8
50.64,39.22,20.56,-86.0,41.9
49.99,39.57,20.79,-86.0,42.0
49.4,39.85,21.25,-86.0,42.1
48.94,40.01,21.62,-86.0,42.2
48.61,40.1,21.68,-86.0,42.3
47.99,40.26,21.7,-86.0,42.4
47.28,40.32,22.09,-86.0,42.5
46.6,39.85,22.44,-86.0,42.6
46.31,39.52,22.71,-86.0,42.7
45.44,39.19,22.98,-86.0,42.8
44.96,38.9,22.73,-86.0,42.9
44.38,38.06,22.37,-86.0,43.0
43.7,37.51,22.38,-86.0,43.1
43.2,36.89,22.18,-86.0,43.2
41.49,35.6,22.22,-86.0,43.3
41.98,34.74,21.68,-86.0,43.4
41.02,34.64,21.99,-86.0,43.5
40.02,34.63,22.27,-86.0,43.6
39.61,34.48,22.33,-86.0,43.7
39.58,34.14,22.32,-86.0,43.8
39.36,33.62,22.14,-86.0,43.9
39.16,32.97,21.72,-86.0,44.0
39.19,32.81,21.84,-86.0,44.1
39.23,32.52,22.27,-86.0,44.2
39.13,31.98,22.13,-86.0,44.3
39.16,31.65,21.98,-86.0,44.4
39.02,31.11,21.73,-86.0,44.5
39.0,30.82,21.0,-86.0,44.6
38.97,30.48,20.89,-86.0,44.7
38.84,30.36,21.24,-86.0,44.8
38.3,27.87,20.83,-86.0,45.1
36.14,21.39,18.18,-86.0,46.0
36.07,21.23,18.48,-86.0,46.1
36.2,20.45,17.76,-86.0,46.2
36.32,20.28,18.23,-86.0,46.3
36.28,20.12,19.86,-86.0,46.4
36.49,19.88,21.48,-86.0,46.5
36.87,19.63,25.46,-86.0,46.6
51.6,38.92,20.11,-85.9,41.8
50.57,39.29,20.53,-85.9,41.9
50.18,39.43,20.58,-85.9,42.0
49.61,39.68,21.06,-85.9,42.1
48.96,39.91,21.66,-85.9,42.2
48.69,39.98,21.8,-85.9,42.3
48.09,40.16,21.84,-85.9,42.4
47.29,40.32,22.24,-85.9,42.5
46.67,39.92,22.45,-85.9,42.6
46.11,39.58,22.84,-85.9,42.7
45.39,39.23,23.01,-85.9,42.8
45.11,39.03,23.0,-85.9,42.9
44.56,38.47,22.93,-85.9,43.0
44.24,37.31,22.33,-85.9,43.1
43.3,36.84,22.29,-85.9,43.2
41.41,35.52,22.29,-85.9,43.3
41.45,35.06,22.04,-85.9,43.4
40.71,34.69,22.13,-85.9,43.5
39.97,34.6,22.28,-85.9,43.6
39.55,34.44,22.33,-85.9,43.7
39.32,33.69,22.08,-85.9,43.8
39.29,33.52,22.11,-85.9,43.9
39.07,32.78,21.58,-85.9,44.0
39.07,32.61,21.63,-85.9,44.1
39.01,32.12,22.09,-85.9,44.2
38.86,31.56,21.89,-85.9,44.3
38.88,31.19,21.8,-85.9,44.4
38.83,30.74,21.47,-85.9,44.5
38.9,30.59,21.3,-85.9,44.6
38.89,30.35,20.74,-85.9,44.7
38.88,29.95,20.74,-85.9,44.8
38.52,28.84,20.79,-85.9,44.9
36.47,21.38,18.3,-85.9,46.0
36.11,21.26,18.63,-85.9,46.1
36.23,20.81,18.34,-85.9,46.2
36.39,20.4,18.76,-85.9,46.3
36.33,19.91,19.95,-85.9,46.4
36.45,19.84,21.41,-85.9,46.5
36.82,19.63,24.16,-85.9,46.6
51.21,38.94,20.07,-85.8,41.8
50.77,39.11,20.09,-85.8,41.9
50.1,39.4,20.5,-85.8,42.0
49.27,39.73,21.46,-85.8,42.1
48.89,39.83,21.7,-85.8,42.2
48.66,39.91,21.88,-85.8,42.3
48.31,40.04,21.98,-85.8,42.4
47.38,40.25,22.29,-85.8,42.5
46.57,40.12,22.5,-85.8,42.6
46.18,39.62,22.93,-85.8,42.7
45.39,39.23,23.17,-85.8,42.8
44.89,38.68,23.29,-85.8,42.9
44.73,38.15,23.02,-85.8,43.0
44.38,37.31,22.5,-85.8,43.1
43.42,36.85,22.4,-85.8,43.2
41.55,35.53,22.11,-85.8,43.3
41.1,35.15,22.56,-85.8,43.4
40.62,34.86,22.24,-85.8,43.5
39.83,34.58,22.3,-85.8,43.6
39.45,34.4,22.32,-85.8,43.7
39.23,33.61,22.05,-85.8,43.8
39.21,33.41,22.06,-85.8,43.9
39.0,32.78,21.65,-85.8,44.0
38.94,32.38,21.44,-85.8,44.1
38.84,31.86,21.9,-85.8,44.2
38.67,31.27,21.67,-85.8,44.3
38.73,30.93,21.62,-85.8,44.4
38.71,30.52,21.33,-85.8,44.5
38.84,30.42,21.19,-85.8,44.6
38.96,30.14,20.95,-85.8,44.7
38.86,29.48,21.13,-85.8,44.8
38.5,28.82,20.63,-85.8,44.9
36.44,21.48,18.5,-85.8,46.0
36.21,20.96,17.99,-85.8,46.1
36.36,20.34,18.25,-85.8,46.2
36.45,20.04,18.89,-85.8,46.3
36.42,19.74,20.2,-85.8,46.4
36.6,19.63,21.25,-85.8,46.5
36.85,19.64,22.63,-85.8,46.6
50.99,38.9,20.02,-85.7,41.8
50.54,39.14,19.99,-85.7,41.9
49.96,39.36,20.35,-85.7,42.0
49.19,39.69,21.41,-85.7,42.1
48.87,39.8,21.76,-85.7,42.2
48.53,39.94,21.88,-85.7,42.3
48.3,39.99,22.03,-85.7,42.4
47.46,40.19,22.33,-85.7,42.5
46.92,40.26,22.82,-85.7,42.6
46.2,39.64,23.14,-85.7,42.7
45.69,39.01,23.45,-85.7,42.8
45.12,38.71,23.55,-85.7,42.9
44.76,38.14,23.31,-85.7,43.0
44.49,37.33,22.67,-85.7,43.1
44.41,37.07,22.36,-85.7,43.2
42.65,35.79,22.43,-85.7,43.3
40.93,35.19,22.69,-85.7,43.4
40.42,34.87,22.3,-85.7,43.5
39.97,34.71,22.28,-85.7,43.6
39.31,34.08,22.09,-85.7,43.7
39.16,33.52,22.01,-85.7,43.8
39.11,33.3,22.0,-85.7,43.9
38.89,32.6,21.53,-85.7,44.0
38.79,32.14,21.27,-85.7,44.1
38.46,31.1,21.54,-85.7,44.2
38.46,30.95,21.47,-85.7,44.3
38.44,30.35,21.29,-85.7,44.4
38.6,30.31,21.18,-85.7,44.5
38.82,30.28,21.03,-85.7,44.6
39.15,30.12,20.71,-85.7,44.7
39.03,29.53,20.88,-85.7,44.8
38.61,28.67,20.85,-85.7,44.9
38.5,28.39,21.02,-85.7,45.0
36.5,21.56,18.71,-85.7,46.0
36.22,21.02,18.04,-85.7,46.1
36.32,20.22,18.19,-85.7,46.2
36.44,19.57,18.32,-85.7,46.3
36.54,19.57,18.84,-85.7,46.4
36.6,19.47,20.45,-85.7,46.5
36.72,19.56,21.42,-85.7,46.6
50.8,38.77,20.0,-85.6,41.8
50.42,39.07,19.78,-85.6,41.9
50.12,39.19,19.73,-85.6,42.0
49.27,39.58,20.9,-85.6,42.1
48.85,39.91,21.98,-85.6,42.2
48.68,39.95,22.1,-85.6,42.3
48.17,40.13,22.45,-85.6,42.4
47.87,40.18,22.5,-85.6,42.5
47.01,40.26,22.89,-85.6,42.6
46.3,39.46,23.11,-85.6,42.7
45.73,38.76,23.79,-85.6,42.8
45.09,38.38,24.51,-85.6,42.9
44.59,37.94,23.58,-85.6,43.0
44.58,37.75,23.02,-85.6,43.1
44.53,37.09,22.45,-85.6,43.2
43.28,35.84,22.68,-85.6,43.3
40.89,35.19,22.77,-85.6,43.4
40.3,34.85,22.32,-85.6,43.5
39.8,34.68,22.26,-85.6,43.6
39.37,34.15,22.01,-85.6,43.7
39.15,33.43,21.96,-85.6,43.8
39.05,32.96,21.55,-85.6,43.9
38.78,32.42,21.42,-85.6,44.0
38.59,31.76,21.2,-85.6,44.1
38.21,30.73,21.36,-85.6,44.2
38.15,30.53,21.27,-85.6,44.3
38.23,30.06,21.12,-85.6,44.4
38.47,30.1,21.03,-85.6,44.5
38.79,30.14,20.87,-85.6,44.6
39.59,30.26,20.41,-85.6,44.7
38.35,27.36,22.38,-85.6,45.1
37.39,23.58,19.26,-85.6,45.6
36.21,20.58,17.81,-85.6,46.1
36.39,19.82,17.93,-85.6,46.2
36.27,19.27,18.03,-85.6,46.3
36.5,19.42,18.33,-85.6,46.4
36.54,19.51,19.86,-85.6,46.5
36.69,19.57,20.6,-85.6,46.6
50.79,38.35,19.89,-85.5,41.8
50.47,38.87,19.93,-85.5,41.9
49.96,39.25,20.28,-85.5,42.0
49.28,39.54,20.98,-85.5,42.1
48.85,39.8,21.85,-85.5,42.2
48.57,39.92,22.1,-85.5,42.3
48.21,40.1,22.49,-85.5,42.4
47.87,40.23,22.66,-85.5,42.5
47.53,40.23,22.65,-85.5,42.6
46.18,39.16,23.13,-85.5,42.7
45.37,38.6,24.03,-85.5,42.8
44.94,38.04,25.65,-85.5,42.9
44.65,37.94,23.72,-85.5,43.0
44.67,37.75,23.09,-85.5,43.1
44.63,36.95,22.57,-85.5,43.2
44.25,35.93,22.19,-85.5,43.3
42.59,35.35,22.39,-85.5,43.4
40.24,34.82,22.32,-85.5,43.5
39.53,34.29,22.01,-85.5,43.6
39.17,33.84,22.09,-85.5,43.7
39.27,33.47,21.89,-85.5,43.8
39.06,32.85,21.47,-85.5,43.9
38.73,31.99,21.34,-85.5,44.0
38.26,31.04,20.87,-85.5,44.1
37.82,30.18,20.58,-85.5,44.2
37.5,29.59,20.86,-85.5,44.3
37.99,29.77,20.95,-85.5,44.4
38.33,29.9,20.9,-85.5,44.5
38.62,29.56,20.82,-85.5,44.6
39.12,29.79,20.55,-85.5,44.7
39.01,29.16,20.42,-85.5,44.8
38.59,28.37,20.22,-85.5,44.9
37.34,22.83,18.78,-85.5,45.7
37.06,22.62,18.57,-85.5,45.8
36.16,20.49,18.04,-85.5,46.1
36.33,19.68,17.83,-85.5,46.2
35.83,18.42,17.32,-85.5,46.3
36.37,19.19,18.0,-85.5,46.4
36.51,19.44,19.45,-85.5,46.5
36.66,19.52,20.03,-85.5,46.6
50.78,37.94,19.8,-85.4,41.8
50.45,38.66,20.05,-85.4,41.9
49.93,39.14,20.36,-85.4,42.0
49.27,39.42,21.24,-85.4,42.1
48.73,39.73,21.69,-85.4,42.2
48.36,39.83,22.21,-85.4,42.3
48.17,39.97,22.37,-85.4,42.4
48.05,40.01,22.49,-85.4,42.5
47.43,40.12,22.6,-85.4,42.6
46.74,39.38,22.97,-85.4,42.7
45.95,38.78,23.6,-85.4,42.8
44.95,38.08,24.03,-85.4,42.9
44.75,37.92,23.5,-85.4,43.0
44.77,37.58,23.19,-85.4,43.1
44.74,37.19,22.77,-85.4,43.2
43.57,35.56,22.63,-85.4,43.3
43.5,35.3,22.13,-85.4,43.4
42.42,35.05,22.53,-85.4,43.5
39.6,33.96,22.15,-85.4,43.6
39.42,33.77,22.11,-85.4,43.7
39.32,33.39,21.83,-85.4,43.8
38.99,32.22,20.95,-85.4,43.9
38.61,31.54,20.77,-85.4,44.0
38.35,31.15,20.67,-85.4,44.1
37.63,29.9,20.46,-85.4,44.2
36.77,28.78,20.61,-85.4,44.3
37.84,29.56,20.82,-85.4,44.4
38.19,29.72,20.77,-85.4,44.5
38.42,29.35,20.71,-85.4,44.6
38.55,28.72,20.01,-85.4,44.7
38.57,28.45,19.81,-85.4,44.8
38.46,28.25,19.78,-85.4,44.9
36.14,20.4,18.03,-85.4,46.1
36.36,19.64,17.93,-85.4,46.2
36.0,18.59,17.35,-85.4,46.3
36.44,19.15,17.82,-85.4,46.4
36.73,19.47,18.22,-85.4,46.5
36.75,19.35,19.24,-85.4,46.6
36.79,19.43,19.56,-85.4,46.7
51.0,38.34,19.86,-85.3,41.8
50.35,38.71,20.15,-85.3,41.9
50.09,38.95,20.37,-85.3,42.0
49.36,39.36,21.11,-85.3,42.1
48.82,39.69,21.96,-85.3,42.2
48.7,39.87,22.62,-85.3,42.3
48.5,39.87,22.38,-85.3,42.4
48.15,40.0,22.47,-85.3,42.5
47.76,39.97,22.64,-85.3,42.6
47.29,39.83,22.8,-85.3,42.7
46.15,38.86,23.2,-85.3,42.8
45.03,37.92,23.55,-85.3,42.9
44.91,37.74,23.36,-85.3,43.0
44.88,37.54,23.09,-85.3,43.1
44.25,36.64,22.88,-85.3,43.2
43.61,35.73,22.63,-85.3,43.3
43.53,35.31,22.48,-85.3,43.4
42.08,34.66,21.97,-85.3,43.5
40.12,34.06,22.16,-85.3,43.6
39.56,33.71,22.08,-85.3,43.7
39.48,33.49,22.05,-85.3,43.8
39.07,31.94,21.26,-85.3,43.9
38.64,31.47,20.67,-85.3,44.0
38.4,31.11,20.57,-85.3,44.1
37.74,30.0,20.38,-85.3,44.2
37.54,29.55,20.72,-85.3,44.3
37.79,29.46,20.21,-85.3,44.4
38.02,29.1,20.21,-85.3,44.5
38.19,28.78,19.97,-85.3,44.6
38.26,28.42,19.84,-85.3,44.7
38.31,28.19,19.53,-85.3,44.8
38.33,27.91,18.77,-85.3,44.9
38.37,27.39,18.48,-85.3,45.0
38.26,27.21,19.84,-85.3,45.1
38.3,26.39,20.54,-85.3,45.2
38.58,26.05,20.83,-85.3,45.3
36.28,20.41,17.79,-85.3,46.1
36.49,19.8,17.99,-85.3,46.2
36.5,19.31,17.65,-85.3,46.3
36.64,19.37,17.81,-85.3,46.4
36.79,19.4,17.54,-85.3,46.5
36.78,19.37,18.81,-85.3,46.6
36.75,19.33,18.86,-85.3,46.7
50.81,38.6,20.0,-85.2,41.8
50.48,38.75,20.15,-85.2,41.9
49.87,39.12,20.52,-85.2,42.0
49.36,39.41,21.41,-85.2,42.1
48.94,39.69,21.97,-85.2,42.2
48.79,39.87,22.58,-85.2,42.3
48.58,39.87,22.35,-85.2,42.4
48.05,39.92,22.4,-85.2,42.5
47.84,39.96,22.55,-85.2,42.6
47.19,39.54,22.74,-85.2,42.7
46.38,38.54,23.1,-85.2,42.8
46.12,38.1,23.16,-85.2,42.9
45.06,37.68,23.15,-85.2,43.0
44.66,37.16,22.86,-85.2,43.1
44.3,36.56,22.83,-85.2,43.2
43.64,35.99,22.56,-85.2,43.3
43.56,35.29,22.46,-85.2,43.4
41.63,34.38,22.01,-85.2,43.5
41.34,34.26,21.63,-85.2,43.6
39.67,33.65,22.02,-85.2,43.7
39.43,32.52,21.68,-85.2,43.8
39.13,31.91,21.19,-85.2,43.9
38.96,31.64,21.11,-85.2,44.0
38.24,30.65,19.8,-85.2,44.1
37.8,29.91,20.18,-85.2,44.2
37.7,29.54,20.07,-85.2,44.3
37.79,29.4,20.12,-85.2,44.4
37.91,28.95,20.08,-85.2,44.5
38.02,28.59,19.83,-85.2,44.6
38.04,28.18,19.65,-85.2,44.7
38.11,27.97,19.28,-85.2,44.8
38.29,27.59,18.24,-85.2,44.9
39.25,27.1,15.85,-85.2,45.0
38.19,27.02,19.1,-85.2,45.1
38.21,26.05,19.77,-85.2,45.2
38.25,25.77,19.98,-85.2,45.3
36.5,20.53,17.32,-85.2,46.1
36.82,19.95,17.85,-85.2,46.2
36.82,19.59,17.37,-85.2,46.3
36.89,19.56,17.44,-85.2,46.4
36.97,19.6,17.54,-85.2,46.5
36.83,19.38,18.46,-85.2,46.6
36.8,19.39,18.6,-85.2,46.7
50.8,38.64,19.96,-85.1,41.8
50.28,38.89,20.4,-85.1,41.9
49.99,39.09,20.78,-85.1,42.0
49.59,39.32,21.36,-85.1,42.1
49.22,39.61,21.74,-85.1,42.2
48.92,39.78,21.92,-85.1,42.3
48.42,39.86,22.27,-85.1,42.4
48.2,39.89,22.33,-85.1,42.5
47.85,39.87,22.43,-85.1,42.6
47.54,39.48,22.83,-85.1,42.7
46.74,38.65,22.96,-85.1,42.8
46.44,38.01,23.18,-85.1,42.9
46.24,37.84,22.94,-85.1,43.0
45.09,36.91,22.87,-85.1,43.1
44.35,36.46,22.76,-85.1,43.2
43.66,35.89,22.52,-85.1,43.3
43.58,35.3,22.21,-85.1,43.4
41.35,34.42,22.44,-85.1,43.5
41.19,34.16,22.36,-85.1,43.6
40.88,33.76,21.37,-85.1,43.7
39.66,32.72,21.64,-85.1,43.8
39.43,32.11,21.09,-85.1,43.9
38.71,31.1,20.26,-85.1,44.0
38.47,30.54,20.35,-85.1,44.1
37.85,29.96,19.5,-85.1,44.2
37.77,29.14,20.2,-85.1,44.3
37.75,28.74,20.04,-85.1,44.4
37.8,28.66,19.9,-85.1,44.5
37.85,28.4,19.65,-85.1,44.6
37.87,27.97,19.4,-85.1,44.7
37.88,27.42,18.73,-85.1,44.8
37.94,26.91,18.25,-85.1,44.9
38.15,26.81,17.94,-85.1,45.0
38.05,26.75,18.84,-85.1,45.1
38.04,26.07,19.22,-85.1,45.2
38.08,25.57,19.18,-85.1,45.3
36.74,20.43,16.69,-85.1,46.1
36.91,20.06,16.57,-85.1,46.2
36.98,19.73,17.29,-85.1,46.3
37.03,19.66,17.33,-85.1,46.4
37.07,19.54,17.35,-85.1,46.5
37.05,19.52,17.39,-85.1,46.6
36.77,19.36,18.17,-85.1,46.7
50.79,38.65,19.93,-85.0,41.8
50.28,38.89,20.35,-85.0,41.9
49.99,39.08,20.75,-85.0,42.0
49.85,39.27,20.85,-85.0,42.1
49.39,39.64,21.75,-85.0,42.2
48.96,39.83,21.83,-85.0,42.3
48.55,39.83,21.99,-85.0,42.4
48.06,39.89,22.19,-85.0,42.5
47.87,39.77,22.31,-85.0,42.6
47.58,39.39,22.73,-85.0,42.7
47.04,38.72,23.0,-85.0,42.8
46.57,37.96,23.1,-85.0,42.9
45.82,37.24,23.0,-85.0,43.0
45.14,36.62,22.9,-85.0,43.1
45.03,36.23,22.44,-85.0,43.2
43.95,35.83,22.35,-85.0,43.3
42.05,34.7,22.06,-85.0,43.4
41.47,34.36,22.4,-85.0,43.5
41.24,34.13,22.3,-85.0,43.6
41.41,33.45,22.04,-85.0,43.7
39.93,32.6,21.65,-85.0,43.8
39.25,31.58,21.39,-85.0,43.9
38.96,31.11,21.09,-85.0,44.0
38.49,30.38,20.77,-85.0,44.1
38.17,29.94,20.51,-85.0,44.2
37.82,29.45,20.35,-85.0,44.3
37.69,28.63,19.91,-85.0,44.4
37.68,28.51,19.73,-85.0,44.5
37.66,28.22,19.42,-85.0,44.6
37.65,27.74,19.15,-85.0,44.7
37.59,26.76,18.33,-85.0,44.8
37.68,26.6,18.23,-85.0,44.9
37.73,26.53,18.28,-85.0,45.0
37.82,26.4,18.6,-85.0,45.1
37.92,25.87,18.84,-85.0,45.2
37.98,25.36,18.69,-85.0,45.3
37.94,24.4,18.18,-85.0,45.5
37.85,23.94,18.25,-85.0,45.6
36.94,20.5,16.65,-85.0,46.1
36.93,19.94,16.48,-85.0,46.2
36.98,19.77,16.45,-85.0,46.3
37.16,19.66,17.2,-85.0,46.4
50.59,38.83,20.03,-84.9,41.8
50.41,38.91,20.28,-84.9,41.9
49.99,39.07,20.6,-84.9,42.0
49.65,39.32,20.73,-84.9,42.1
49.34,39.61,21.46,-84.9,42.2
49.05,39.73,21.79,-84.9,42.3
48.67,39.74,21.82,-84.9,42.4
48.2,39.86,21.87,-84.9,42.5
47.88,39.63,22.07,-84.9,42.6
47.54,39.16,22.59,-84.9,42.7
47.03,38.55,22.91,-84.9,42.8
46.21,37.84,23.02,-84.9,42.9
45.98,37.08,23.0,-84.9,43.0
45.3,36.45,22.94,-84.9,43.1
45.18,36.17,22.8,-84.9,43.2
43.82,35.55,22.71,-84.9,43.3
42.38,34.55,22.69,-84.9,43.4
42.18,34.26,22.58,-84.9,43.5
42.09,34.01,22.21,-84.9,43.6
40.73,33.2,22.5,-84.9,43.7
40.06,32.88,22.29,-84.9,43.8
39.49,31.56,21.59,-84.9,43.9
39.03,31.01,21.18,-84.9,44.0
38.55,30.25,20.76,-84.9,44.1
38.22,29.77,20.5,-84.9,44.2
37.94,29.35,20.44,-84.9,44.3
37.59,28.52,19.97,-84.9,44.4
37.57,28.37,19.56,-84.9,44.5
37.46,27.6,18.78,-84.9,44.6
37.42,27.12,17.99,-84.9,44.7
37.42,26.36,17.9,-84.9,44.8
37.35,26.16,17.99,-84.9,44.9
37.45,26.26,18.33,-84.9,45.0
37.65,26.16,18.49,-84.9,45.1
37.81,25.7,18.59,-84.9,45.2
37.92,25.21,18.39,-84.9,45.3
37.99,24.95,17.78,-84.9,45.4
38.02,24.31,17.89,-84.9,45.5
38.08,23.98,17.86,-84.9,45.6
37.92,23.42,17.65,-84.9,45.7
37.26,20.81,16.72,-84.9,46.0
37.02,20.38,16.54,-84.9,46.1
37.08,20.08,16.45,-84.9,46.2
37.1,19.89,16.41,-84.9,46.3
37.2,19.54,17.01,-84.9,46.4
51.17,38.79,19.63,-84.8,41.7
50.66,38.92,19.8,-84.8,41.8
50.49,38.81,20.12,-84.8,41.9
50.02,39.06,20.55,-84.8,42.0
49.73,39.29,20.65,-84.8,42.1
49.2,39.55,21.37,-84.8,42.2
48.85,39.67,21.71,-84.8,42.3
48.6,39.72,21.75,-84.8,42.4
48.33,39.86,21.7,-84.8,42.5
47.88,39.34,21.71,-84.8,42.6
47.38,38.74,22.66,-84.8,42.7
46.9,38.25,23.22,-84.8,42.8
46.3,37.56,23.08,-84.8,42.9
46.0,37.04,23.0,-84.8,43.0
45.87,36.74,22.84,-84.8,43.1
45.16,36.07,22.74,-84.8,43.2
43.62,35.27,22.88,-84.8,43.3
42.96,34.93,22.63,-84.8,43.4
42.18,34.22,22.51,-84.8,43.5
41.62,33.55,22.38,-84.8,43.6
40.82,33.2,22.4,-84.8,43.7
40.47,33.01,22.45,-84.8,43.8
39.64,31.55,21.42,-84.8,43.9
38.94,30.64,20.8,-84.8,44.0
38.69,30.25,20.59,-84.8,44.1
38.46,29.83,20.34,-84.8,44.2
38.27,29.24,20.05,-84.8,44.3
37.73,28.59,20.06,-84.8,44.4
37.46,27.92,18.96,-84.8,44.5
37.36,26.89,17.94,-84.8,44.6
37.25,26.61,17.24,-84.8,44.7
37.2,26.13,17.72,-84.8,44.8
36.82,25.77,17.95,-84.8,44.9
37.17,26.04,18.27,-84.8,45.0
37.61,25.88,18.12,-84.8,45.1
37.84,25.69,18.18,-84.8,45.2
37.98,25.17,18.04,-84.8,45.3
38.0,24.78,17.8,-84.8,45.4
38.14,24.22,17.64,-84.8,45.5
38.36,23.96,17.52,-84.8,45.6
38.09,23.13,17.41,-84.8,45.7
37.59,21.56,16.89,-84.8,45.9
37.34,20.82,16.74,-84.8,46.0
37.1,20.37,16.16,-84.8,46.1
37.17,20.05,16.09,-84.8,46.2
37.26,19.78,16.13,-84.8,46.3
37.33,19.39,16.0,-84.8,46.4
51.34,38.67,19.64,-84.7,41.7
50.66,38.87,19.6,-84.7,41.8
50.56,38.73,19.76,-84.7,41.9
50.09,38.9,20.42,-84.7,42.0
49.82,39.34,20.96,-84.7,42.1
49.57,39.42,21.09,-84.7,42.2
48.96,39.64,21.65,-84.7,42.3
48.73,39.69,21.7,-84.7,42.4
48.22,39.48,21.87,-84.7,42.5
47.83,39.19,22.09,-84.7,42.6
47.32,38.59,22.98,-84.7,42.7
46.69,37.85,23.62,-84.7,42.8
46.27,37.52,23.25,-84.7,42.9
46.01,37.02,23.02,-84.7,43.0
45.85,36.7,22.82,-84.7,43.1
44.53,35.74,22.92,-84.7,43.2
43.8,35.13,22.59,-84.7,43.3
43.39,35.09,22.78,-84.7,43.4
42.17,34.09,22.49,-84.7,43.5
41.73,33.47,22.26,-84.7,43.6
41.07,33.19,22.17,-84.7,43.7
40.34,32.77,21.93,-84.7,43.8
39.68,31.77,21.61,-84.7,43.9
39.26,30.72,21.06,-84.7,44.0
38.76,30.31,20.66,-84.7,44.1
38.55,29.67,20.36,-84.7,44.2
38.27,28.98,20.03,-84.7,44.3
37.99,28.56,19.86,-84.7,44.4
37.37,28.1,19.28,-84.7,44.5
37.25,27.17,17.76,-84.7,44.6
37.15,26.37,16.4,-84.7,44.7
37.09,25.93,17.25,-84.7,44.8
35.99,25.31,17.55,-84.7,44.9
37.06,25.96,18.21,-84.7,45.0
37.51,25.78,18.05,-84.7,45.1
37.79,25.58,18.06,-84.7,45.2
37.98,25.07,17.65,-84.7,45.3
37.94,24.43,17.46,-84.7,45.4
38.04,24.16,17.6,-84.7,45.5
38.16,23.79,17.36,-84.7,45.6
38.16,23.08,17.16,-84.7,45.7
37.38,20.8,16.4,-84.7,46.0
37.17,20.33,15.81,-84.7,46.1
37.25,19.97,15.99,-84.7,46.2
37.36,19.47,15.83,-84.7,46.3
37.46,19.24,16.07,-84.7,46.4
50.71,38.74,19.53,-84.6,41.8
50.63,37.95,19.57,-84.6,41.9
50.39,38.88,20.11,-84.6,42.0
49.91,39.32,20.9,-84.6,42.1
49.61,39.48,21.18,-84.6,42.2
49.55,39.55,21.46,-84.6,42.3
48.71,39.73,21.83,-84.6,42.4
48.3,39.26,21.84,-84.6,42.5
47.84,38.95,22.16,-84.6,42.6
47.4,38.57,23.33,-84.6,42.7
46.82,37.81,24.87,-84.6,42.8
46.24,37.32,23.41,-84.6,42.9
46.16,37.03,23.0,-84.6,43.0
45.45,36.34,22.8,-84.6,43.1
44.48,35.76,22.92,-84.6,43.2
43.77,35.33,22.78,-84.6,43.3
43.08,34.9,22.59,-84.6,43.4
42.32,34.43,22.71,-84.6,43.5
41.64,33.79,22.61,-84.6,43.6
40.98,33.16,22.01,-84.6,43.7
40.73,32.94,22.02,-84.6,43.8
39.8,31.78,21.64,-84.6,43.9
39.3,30.9,21.23,-84.6,44.0
39.09,30.4,20.95,-84.6,44.1
38.62,29.75,20.45,-84.6,44.2
38.35,29.19,20.12,-84.6,44.3
38.26,28.63,19.66,-84.6,44.4
37.74,28.2,18.96,-84.6,44.5
37.35,27.45,17.94,-84.6,44.6
37.23,26.66,17.1,-84.6,44.7
37.18,26.04,17.27,-84.6,44.8
37.06,25.75,17.45,-84.6,44.9
37.33,25.83,17.64,-84.6,45.0
37.64,25.75,17.58,-84.6,45.1
37.78,25.5,17.95,-84.6,45.2
37.93,24.74,17.01,-84.6,45.3
37.9,24.31,17.11,-84.6,45.4
37.93,23.78,17.35,-84.6,45.5
37.88,22.88,16.32,-84.6,45.6
37.92,22.61,16.41,-84.6,45.7
37.22,20.26,15.63,-84.6,46.1
37.33,19.66,15.51,-84.6,46.2
37.45,19.39,15.76,-84.6,46.3
37.54,19.11,16.22,-84.6,46.4
51.14,38.65,19.51,-84.5,41.8
50.92,38.42,19.67,-84.5,41.9
50.29,38.85,20.44,-84.5,42.0
50.16,39.35,20.76,-84.5,42.1
49.88,39.6,21.41,-84.5,42.2
49.78,39.72,21.63,-84.5,42.3
49.09,39.67,21.6,-84.5,42.4
48.68,39.23,21.52,-84.5,42.5
48.24,38.56,21.7,-84.5,42.6
47.21,38.26,23.05,-84.5,42.7
46.7,37.67,23.86,-84.5,42.8
46.25,37.27,23.28,-84.5,42.9
46.16,37.01,22.95,-84.5,43.0
44.77,36.12,22.98,-84.5,43.1
44.01,35.65,22.98,-84.5,43.2
43.73,35.43,22.89,-84.5,43.3
43.22,35.06,23.06,-84.5,43.4
42.42,34.45,22.59,-84.5,43.5
41.67,33.82,22.47,-84.5,43.6
41.24,33.23,22.07,-84.5,43.7
40.94,33.01,22.07,-84.5,43.8
39.98,31.86,21.74,-84.5,43.9
39.38,31.0,21.34,-84.5,44.0
39.14,30.61,21.13,-84.5,44.1
38.77,30.06,20.64,-84.5,44.2
38.52,29.48,20.26,-84.5,44.3
38.41,28.86,19.71,-84.5,44.4
38.13,28.17,18.46,-84.5,44.5
37.57,27.3,17.31,-84.5,44.6
37.31,26.67,17.28,-84.5,44.7
37.37,26.08,17.25,-84.5,44.8
37.38,25.85,17.32,-84.5,44.9
37.53,25.76,17.38,-84.5,45.0
37.73,25.65,17.38,-84.5,45.1
37.77,25.09,16.96,-84.5,45.2
37.93,24.65,16.81,-84.5,45.3
37.86,24.21,16.94,-84.5,45.4
37.99,23.78,16.97,-84.5,45.5
37.89,22.93,15.97,-84.5,45.6
37.68,21.61,15.97,-84.5,45.8
37.48,20.58,15.69,-84.5,46.0
37.28,20.19,15.35,-84.5,46.1
37.49,19.85,15.28,-84.5,46.2
37.55,19.36,15.56,-84.5,46.3
37.62,19.04,16.34,-84.5,46.4
51.54,38.53,19.3,-84.4,41.8
50.99,38.63,19.9,-84.4,41.9
50.78,38.97,20.08,-84.4,42.0
50.24,39.43,20.71,-84.4,42.1
50.27,39.58,21.38,-84.4,42.2
50.06,39.67,21.51,-84.4,42.3
49.52,39.62,21.61,-84.4,42.4
49.18,39.11,21.48,-84.4,42.5
48.37,38.32,21.45,-84.4,42.6
47.4,38.24,22.62,-84.4,42.7
46.8,37.93,23.11,-84.4,42.8
46.54,37.23,22.89,-84.4,42.9
45.89,36.5,22.75,-84.4,43.0
45.68,36.27,22.61,-84.4,43.1
44.38,35.78,22.94,-84.4,43.2
43.72,35.46,22.92,-84.4,43.3
43.23,35.03,22.88,-84.4,43.4
42.62,34.58,22.65,-84.4,43.5
42.08,33.86,22.2,-84.4,43.6
41.58,33.3,21.99,-84.4,43.7
41.07,32.73,21.87,-84.4,43.8
40.56,32.3,21.8,-84.4,43.9
39.73,31.62,21.75,-84.4,44.0
39.23,30.76,21.29,-84.4,44.1
38.88,30.24,20.82,-84.4,44.2
38.82,29.48,20.01,-84.4,44.3
38.72,28.82,19.2,-84.4,44.4
38.56,28.61,18.85,-84.4,44.5
37.67,27.63,18.01,-84.4,44.6
37.45,26.48,16.66,-84.4,44.7
37.49,26.28,16.46,-84.4,44.8
37.64,25.98,17.15,-84.4,44.9
37.73,25.79,17.15,-84.4,45.0
37.72,25.3,17.08,-84.4,45.1
37.81,24.99,16.73,-84.4,45.2
37.9,24.45,16.27,-84.4,45.3
37.96,24.21,16.28,-84.4,45.4
37.9,23.41,15.42,-84.4,45.5
37.85,22.82,15.66,-84.4,45.6
37.35,20.13,14.99,-84.4,46.1
37.58,19.83,14.81,-84.4,46.2
37.67,19.38,15.1,-84.4,46.3
37.8,19.06,16.17,-84.4,46.4
51.86,38.36,19.28,-84.3,41.8
51.28,38.62,19.54,-84.3,41.9
51.13,38.9,19.76,-84.3,42.0
50.6,39.41,20.96,-84.3,42.1
50.44,39.54,21.19,-84.3,42.2
50.2,39.58,21.27,-84.3,42.3
49.57,39.6,21.58,-84.3,42.4
49.28,39.4,21.61,-84.3,42.5
48.94,38.83,21.73,-84.3,42.6
47.91,38.21,22.16,-84.3,42.7
47.18,37.85,22.53,-84.3,42.8
46.85,37.15,22.43,-84.3,42.9
46.68,36.67,22.32,-84.3,43.0
45.09,36.18,22.7,-84.3,43.1
44.71,35.91,22.66,-84.3,43.2
43.8,35.33,22.89,-84.3,43.3
43.36,35.0,22.95,-84.3,43.4
42.81,34.57,22.76,-84.3,43.5
42.53,34.07,22.04,-84.3,43.6
42.44,33.95,21.64,-84.3,43.7
41.26,32.81,21.97,-84.3,43.8
40.72,32.38,21.95,-84.3,43.9
39.78,31.55,21.83,-84.3,44.0
39.31,30.9,21.46,-84.3,44.1
39.12,30.56,21.21,-84.3,44.2
39.09,29.34,19.58,-84.3,44.3
38.9,28.95,19.25,-84.3,44.4
38.67,28.27,18.56,-84.3,44.5
38.07,27.56,17.96,-84.3,44.6
37.73,27.04,17.16,-84.3,44.7
37.63,26.3,16.37,-84.3,44.8
37.68,26.16,16.32,-84.3,44.9
37.72,25.19,16.18,-84.3,45.0
37.81,25.2,16.86,-84.3,45.1
37.94,24.74,16.39,-84.3,45.2
37.88,24.16,15.36,-84.3,45.3
37.91,23.96,15.21,-84.3,45.4
37.92,23.12,14.97,-84.3,45.5
37.9,22.9,14.99,-84.3,45.6
37.53,20.36,14.87,-84.3,46.0
37.47,20.11,14.49,-84.3,46.1
37.7,19.84,14.09,-84.3,46.2
37.86,19.49,14.12,-84.3,46.3
37.87,19.09,15.7,-84.3,46.4
52.2,37.98,19.53,-84.2,41.8
51.59,38.18,19.4,-84.2,41.9
51.4,38.66,19.77,-84.2,42.0
50.98,39.21,20.59,-84.2,42.1
50.55,39.43,21.04,-84.2,42.2
50.27,39.53,21.14,-84.2,42.3
49.7,39.54,21.39,-84.2,42.4
49.41,39.59,21.51,-84.2,42.5
49.08,38.96,21.67,-84.2,42.6
48.55,38.32,22.05,-84.2,42.7
47.11,37.82,22.27,-84.2,42.8
46.89,36.83,22.28,-84.2,42.9
46.68,36.74,22.37,-84.2,43.0
45.06,36.23,22.67,-84.2,43.1
44.16,35.6,22.88,-84.2,43.2
43.87,35.31,22.91,-84.2,43.3
43.74,35.05,22.99,-84.2,43.4
43.06,34.27,22.83,-84.2,43.5
42.69,34.08,22.4,-84.2,43.6
42.4,33.67,21.81,-84.2,43.7
41.58,33.09,22.15,-84.2,43.8
40.82,32.47,22.17,-84.2,43.9
39.94,31.67,22.03,-84.2,44.0
39.45,31.14,21.56,-84.2,44.1
39.13,30.84,21.3,-84.2,44.2
39.25,29.48,19.69,-84.2,44.3
39.07,28.74,19.27,-84.2,44.4
38.74,28.03,18.33,-84.2,44.5
38.37,27.45,17.88,-84.2,44.6
38.06,27.09,17.53,-84.2,44.7
37.72,26.33,16.66,-84.2,44.8
37.74,25.7,16.05,-84.2,44.9
37.84,25.12,15.99,-84.2,45.0
37.91,25.06,15.95,-84.2,45.1
37.89,24.25,15.12,-84.2,45.2
37.91,24.09,15.12,-84.2,45.3
37.93,23.91,15.15,-84.2,45.4
37.91,23.09,14.65,-84.2,45.5
37.87,22.88,14.64,-84.2,45.6
37.47,20.33,14.5,-84.2,46.0
37.47,20.07,14.19,-84.2,46.1
37.81,19.83,13.32,-84.2,46.2
38.42,19.32,12.48,-84.2,46.3
37.88,19.18,15.07,-84.2,46.4
37.86,18.95,16.02,-84.2,46.5
52.42,37.58,19.19,-84.1,41.8
52.03,37.07,18.81,-84.1,41.9
51.64,38.46,19.54,-84.1,42.0
51.55,39.01,20.11,-84.1,42.1
50.71,39.29,20.83,-84.1,42.2
50.07,39.57,21.09,-84.1,42.3
49.82,39.51,21.36,-84.1,42.4
49.52,39.61,21.51,-84.1,42.5
49.19,38.89,21.61,-84.1,42.6
48.67,38.26,21.97,-84.1,42.7
47.77,37.92,22.17,-84.1,42.8
46.9,37.1,22.14,-84.1,42.9
46.67,36.83,22.46,-84.1,43.0
45.08,36.24,22.63,-84.1,43.1
44.14,35.59,22.84,-84.1,43.2
43.95,35.27,22.89,-84.1,43.3
43.78,34.9,23.0,-84.1,43.4
43.4,34.18,23.47,-84.1,43.5
43.03,34.15,23.03,-84.1,43.6
42.53,33.85,22.62,-84.1,43.7
42.16,33.55,22.57,-84.1,43.8
41.43,32.93,22.46,-84.1,43.9
40.8,32.31,22.24,-84.1,44.0
39.99,31.51,21.96,-84.1,44.1
39.35,30.48,20.99,-84.1,44.2
39.43,29.75,19.98,-84.1,44.3
39.25,28.84,19.34,-84.1,44.4
38.98,28.15,18.67,-84.1,44.5
38.6,27.5,17.88,-84.1,44.6
38.28,26.87,17.39,-84.1,44.7
38.01,26.32,16.57,-84.1,44.8
37.97,26.13,16.36,-84.1,44.9
37.94,25.56,15.79,-84.1,45.0
38.02,25.0,15.72,-84.1,45.1
37.96,24.17,14.88,-84.1,45.2
37.96,24.03,14.86,-84.1,45.3
37.91,23.73,15.18,-84.1,45.4
37.39,20.37,14.1,-84.1,46.0
37.43,20.12,13.95,-84.1,46.1
37.72,19.88,13.47,-84.1,46.2
52.62,37.89,19.37,-84.0,41.8
52.07,37.77,19.12,-84.0,41.9
51.85,38.37,19.6,-84.0,42.0
51.4,38.66,20.21,-84.0,42.1
51.38,38.92,20.21,-84.0,42.2
50.35,39.22,20.75,-84.0,42.3
49.97,39.45,21.2,-84.0,42.4
49.74,39.59,21.39,-84.0,42.5
49.42,38.39,21.59,-84.0,42.6
48.93,38.23,21.8,-84.0,42.7
47.78,37.95,22.09,-84.0,42.8
46.86,37.35,22.1,-84.0,42.9
46.64,36.95,22.07,-84.0,43.0
44.95,36.21,22.52,-84.0,43.1
44.13,35.56,22.79,-84.0,43.2
43.96,35.14,22.8,-84.0,43.3
43.93,34.82,22.85,-84.0,43.4
43.67,34.45,23.13,-84.0,43.5
42.93,33.97,23.06,-84.0,43.6
42.44,33.73,22.88,-84.0,43.7
42.09,33.59,23.01,-84.0,43.8
41.41,33.0,22.84,-84.0,43.9
41.09,32.63,22.14,-84.0,44.0
40.38,31.87,21.77,-84.0,44.1
39.6,30.73,21.12,-84.0,44.2
39.72,29.96,20.02,-84.0,44.3
39.62,29.13,19.53,-84.0,44.4
39.34,28.24,18.61,-84.0,44.5
38.99,27.53,17.77,-84.0,44.6
38.52,26.9,17.35,-84.0,44.7
38.49,26.62,16.98,-84.0,44.8
38.29,26.08,16.19,-84.0,44.9
38.28,25.49,15.57,-84.0,45.0
38.05,24.65,15.1,-84.0,45.1
38.0,24.07,14.88,-84.0,45.2
37.97,23.85,14.9,-84.0,45.3
37.9,23.62,14.39,-84.0,45.4
37.43,20.45,13.62,-84.0,46.0
37.36,20.36,13.85,-84.0,46.1
52.92,38.31,19.57,-83.9,41.8
52.4,38.32,19.5,-83.9,41.9
51.95,38.49,20.16,-83.9,42.0
51.58,38.6,20.24,-83.9,42.1
51.54,38.54,20.27,-83.9,42.2
51.14,38.78,20.6,-83.9,42.3
50.21,39.44,20.98,-83.9,42.4
49.84,39.58,21.32,-83.9,42.5
49.48,39.05,21.44,-83.9,42.6
49.12,38.66,21.61,-83.9,42.7
47.76,37.93,21.99,-83.9,42.8
46.77,37.37,21.99,-83.9,42.9
45.75,36.75,22.25,-83.9,43.0
44.93,36.2,22.42,-83.9,43.1
44.28,35.74,22.68,-83.9,43.2
44.03,35.09,22.71,-83.9,43.3
44.13,34.47,22.21,-83.9,43.4
43.79,34.45,22.67,-83.9,43.5
42.81,33.85,22.87,-83.9,43.6
41.09,32.67,22.46,-83.9,44.0
40.47,31.94,21.96,-83.9,44.1
39.98,30.74,20.73,-83.9,44.2
39.96,29.98,20.09,-83.9,44.3
39.77,29.29,19.52,-83.9,44.4
39.57,28.47,18.83,-83.9,44.5
39.28,27.94,17.82,-83.9,44.6
38.89,27.04,17.28,-83.9,44.7
38.77,26.6,16.86,-83.9,44.8
38.62,25.98,15.94,-83.9,44.9
38.65,25.44,15.3,-83.9,45.0
38.58,24.57,14.72,-83.9,45.1
38.11,24.06,14.66,-83.9,45.2
38.03,23.95,14.53,-83.9,45.3
37.98,23.48,13.85,-83.9,45.4
37.71,20.17,12.62,-83.9,46.0
53.19,38.86,19.25,-83.8,41.8
52.78,38.52,19.85,-83.8,41.9
52.33,38.53,20.26,-83.8,42.0
52.09,38.35,20.54,-83.8,42.1
51.8,37.94,20.42,-83.8,42.2
51.4,38.54,20.66,-83.8,42.3
50.81,39.12,20.91,-83.8,42.4
50.08,39.37,21.48,-83.8,42.5
49.71,39.67,21.6,-83.8,42.6
49.27,39.02,21.57,-83.8,42.7
48.65,38.43,21.73,-83.8,42.8
47.1,37.63,21.95,-83.8,42.9
46.07,37.01,22.19,-83.8,43.0
45.43,36.39,22.33,-83.8,43.1
44.46,35.78,22.38,-83.8,43.2
44.06,35.08,22.67,-83.8,43.3
44.02,34.53,22.31,-83.8,43.4
43.72,34.37,22.49,-83.8,43.5
43.06,34.02,22.66,-83.8,43.6
41.06,32.69,22.7,-83.8,44.0
40.42,31.52,21.25,-83.8,44.1
40.38,31.2,20.5,-83.8,44.2
40.08,30.08,20.1,-83.8,44.3
39.94,29.4,19.51,-83.8,44.4
39.75,28.58,18.81,-83.8,44.5
39.47,28.01,17.81,-83.8,44.6
39.12,27.06,17.21,-83.8,44.7
38.96,26.64,16.76,-83.8,44.8
38.96,25.9,15.73,-83.8,44.9
39.07,25.15,14.78,-83.8,45.0
39.04,24.52,14.47,-83.8,45.1
38.46,24.06,14.45,-83.8,45.2
38.1,23.96,14.34,-83.8,45.3
38.0,23.82,13.11,-83.8,45.4
37.31,19.98,12.34,-83.8,46.0
37.28,20.27,13.4,-83.8,46.1
53.47,39.23,19.33,-83.7,41.8
52.94,38.88,19.81,-83.7,41.9
52.55,38.76,20.4,-83.7,42.0
52.45,38.53,20.55,-83.7,42.1
52.14,37.81,20.52,-83.7,42.2
51.77,38.51,20.67,-83.7,42.3
51.27,38.98,20.81,-83.7,42.4
50.45,39.41,21.27,-83.7,42.5
50.1,39.53,21.33,-83.7,42.6
49.48,39.55,21.7,-83.7,42.7
48.78,38.62,21.52,-83.7,42.8
47.48,37.88,21.87,-83.7,42.9
46.85,37.41,21.84,-83.7,43.0
45.51,36.41,22.23,-83.7,43.1
44.47,35.75,22.52,-83.7,43.2
44.17,35.23,22.62,-83.7,43.3
43.85,34.62,22.05,-83.7,43.4
43.51,34.28,21.87,-83.7,43.5
40.93,32.63,23.09,-83.7,44.0
40.42,31.56,21.55,-83.7,44.1
40.4,30.87,20.46,-83.7,44.2
40.47,30.53,19.76,-83.7,44.3
40.08,29.52,19.22,-83.7,44.4
39.86,28.7,18.28,-83.7,44.5
39.8,28.25,17.8,-83.7,44.6
39.39,27.51,17.27,-83.7,44.7
39.34,26.47,16.76,-83.7,44.8
39.3,25.79,15.5,-83.7,44.9
39.7,25.12,14.94,-83.7,45.0
39.72,24.45,14.12,-83.7,45.1
38.88,24.06,14.26,-83.7,45.2
38.24,23.97,14.33,-83.7,45.3
37.13,19.72,12.01,-83.7,46.0
37.22,20.18,13.32,-83.7,46.1
53.4,39.29,19.74,-83.6,41.8
52.99,39.11,20.3,-83.6,41.9
52.87,38.73,20.48,-83.6,42.0
52.82,38.48,20.65,-83.6,42.1
52.44,38.41,20.74,-83.6,42.2
52.32,38.49,20.74,-83.6,42.3
51.52,38.8,20.97,-83.6,42.4
50.64,39.29,21.28,-83.6,42.5
50.23,39.42,21.33,-83.6,42.6
49.65,39.59,21.56,-83.6,42.7
49.36,38.95,21.39,-83.6,42.8
48.2,38.27,21.41,-83.6,42.9
47.39,37.78,21.57,-83.6,43.0
45.69,36.47,21.96,-83.6,43.1
44.61,35.91,21.95,-83.6,43.2
44.41,35.32,21.89,-83.6,43.3
44.09,34.71,21.75,-83.6,43.4
43.56,34.19,21.68,-83.6,43.5
43.14,34.2,22.22,-83.6,43.6
40.55,31.5,22.02,-83.6,44.1
40.51,30.91,20.31,-83.6,44.2
40.63,30.58,19.56,-83.6,44.3
40.44,29.9,19.17,-83.6,44.4
40.1,28.87,18.27,-83.6,44.5
39.97,28.34,17.78,-83.6,44.6
39.68,27.71,17.25,-83.6,44.7
39.59,26.71,16.69,-83.6,44.8
39.72,25.56,15.38,-83.6,44.9
40.39,24.77,14.27,-83.6,45.0
40.92,24.29,13.61,-83.6,45.1
39.48,24.37,14.1,-83.6,45.2
38.7,23.67,14.46,-83.6,45.3
37.16,20.08,13.08,-83.6,46.0
37.24,20.08,13.39,-83.6,46.1
53.19,39.27,20.07,-83.5,41.8
52.94,39.27,20.57,-83.5,41.9
52.89,38.96,21.0,-83.5,42.0
52.95,38.57,20.83,-83.5,42.1
52.71,38.45,21.09,-83.5,42.2
52.52,38.5,21.15,-83.5,42.3
52.03,38.9,21.16,-83.5,42.4
51.04,39.19,21.2,-83.5,42.5
50.32,39.35,21.37,-83.5,42.6
49.92,39.26,21.44,-83.5,42.7
49.48,39.16,21.22,-83.5,42.8
49.32,38.85,21.14,-83.5,42.9
48.23,38.1,21.18,-83.5,43.0
46.37,37.01,21.17,-83.5,43.1
45.5,36.28,21.33,-83.5,43.2
44.45,35.28,21.28,-83.5,43.3
44.13,34.35,21.28,-83.5,43.4
43.99,34.07,21.38,-83.5,43.5
43.2,33.97,21.83,-83.5,43.6
40.93,30.66,19.14,-83.5,44.3
40.92,30.22,19.04,-83.5,44.4
40.42,29.08,18.28,-83.5,44.5
40.12,28.44,17.78,-83.5,44.6
39.78,27.73,17.23,-83.5,44.7
39.71,26.69,16.64,-83.5,44.8
40.02,25.68,15.55,-83.5,44.9
40.62,24.71,13.89,-83.5,45.0
41.08,24.19,13.15,-83.5,45.1
39.86,24.2,13.97,-83.5,45.2
38.88,23.68,14.53,-83.5,45.3
37.18,20.31,13.68,-83.5,46.0
52.91,39.34,20.74,-83.4,41.9
52.92,39.03,21.11,-83.4,42.0
53.02,38.72,20.72,-83.4,42.1
53.32,38.49,21.32,-83.4,42.2
52.91,38.68,21.32,-83.4,42.3
51.91,38.95,21.26,-83.4,42.4
51.47,39.05,21.09,-83.4,42.5
50.57,39.13,21.37,-83.4,42.6
49.94,38.93,21.42,-83.4,42.7
49.71,39.03,21.16,-83.4,42.8
49.55,38.98,21.11,-83.4,42.9
48.46,37.9,20.8,-83.4,43.0
46.34,36.82,21.1,-83.4,43.1
46.05,36.52,21.23,-83.4,43.2
44.56,35.41,21.06,-83.4,43.3
44.38,34.51,21.12,-83.4,43.4
44.13,34.15,21.15,-83.4,43.5
43.46,34.15,21.48,-83.4,43.6
42.85,33.89,21.88,-83.4,43.7
42.52,33.73,22.19,-83.4,43.8
41.13,30.19,18.93,-83.4,44.4
40.85,29.46,18.32,-83.4,44.5
39.98,28.41,17.79,-83.4,44.6
39.84,27.75,17.24,-83.4,44.7
39.91,27.08,16.6,-83.4,44.8
40.04,25.62,15.61,-83.4,44.9
41.2,24.18,12.6,-83.4,45.1
39.85,24.2,14.09,-83.4,45.2
52.97,39.13,20.88,-83.3,42.0
52.95,38.91,21.15,-83.3,42.1
53.49,38.55,21.68,-83.3,42.2
53.05,38.7,21.36,-83.3,42.3
52.27,38.87,21.23,-83.3,42.4
51.68,39.08,20.91,-83.3,42.5
51.12,38.96,20.82,-83.3,42.6
50.48,39.03,21.08,-83.3,42.7
49.94,38.99,21.05,-83.3,42.8
49.66,38.76,20.69,-83.3,42.9
48.83,38.03,20.18,-83.3,43.0
47.65,37.15,20.29,-83.3,43.1
46.56,36.72,20.99,-83.3,43.2
44.75,35.73,20.95,-83.3,43.3
44.29,34.86,21.01,-83.3,43.4
43.91,34.39,20.84,-83.3,43.5
43.46,34.2,21.18,-83.3,43.6
43.15,34.08,21.38,-83.3,43.7
42.88,33.92,21.56,-83.3,43.8
42.02,33.23,21.66,-83.3,43.9
39.84,27.76,17.27,-83.3,44.7
39.89,27.1,16.72,-83.3,44.8
52.7,39.19,20.63,-83.2,42.0
52.88,38.95,20.47,-83.2,42.1
53.0,38.73,21.04,-83.2,42.2
52.86,38.67,21.26,-83.2,42.3
52.36,38.91,21.03,-83.2,42.4
51.89,38.92,20.53,-83.2,42.5
51.48,38.92,20.48,-83.2,42.6
50.98,38.98,20.8,-83.2,42.7
50.41,39.02,20.86,-83.2,42.8
49.75,38.97,20.42,-83.2,42.9
49.13,38.35,19.82,-83.2,43.0
48.88,37.81,19.86,-83.2,43.1
47.5,37.07,20.45,-83.2,43.2
45.98,36.13,20.34,-83.2,43.3
44.59,35.43,20.82,-83.2,43.4
43.93,34.73,20.56,-83.2,43.5
43.68,34.57,20.67,-83.2,43.6
43.28,34.19,20.88,-83.2,43.7
43.07,34.01,20.96,-83.2,43.8
42.7,33.67,20.83,-83.2,43.9
52.85,38.65,21.33,-83.1,42.3
52.72,38.78,20.81,-83.1,42.4
52.12,38.95,20.41,-83.1,42.5
51.71,38.95,20.42,-83.1,42.6
51.17,38.97,20.66,-83.1,42.7
50.64,38.85,20.55,-83.1,42.8
49.53,38.81,20.04,-83.1,42.9
49.24,38.67,19.71,-83.1,43.0
48.98,37.98,19.66,-83.1,43.1
48.14,37.4,19.28,-83.1,43.2
46.52,36.5,20.14,-83.1,43.3
44.98,35.71,20.32,-83.1,43.4
44.58,35.46,20.4,-83.1,43.5
43.81,34.83,20.4,-83.1,43.6
43.32,34.16,20.4,-83.1,43.7
43.15,33.92,20.35,-83.1,43.8
42.86,33.7,20.26,-83.1,43.9
42.07,32.61,19.74,-83.1,44.0
53.39,38.94,20.59,-83.0,42.4
52.29,39.09,20.43,-83.0,42.5
51.76,39.01,20.48,-83.0,42.6
51.1,38.88,20.56,-83.0,42.7
50.74,38.78,20.46,-83.0,42.8
49.68,38.71,19.92,-83.0,42.9
49.49,38.73,19.82,-83.0,43.0
49.18,38.61,19.51,-83.0,43.1
48.19,37.57,19.14,-83.0,43.2
47.02,36.8,19.67,-83.0,43.3
45.25,35.91,20.05,-83.0,43.4
44.85,35.64,20.1,-83.0,43.5
44.04,35.02,19.84,-83.0,43.6
43.46,34.18,19.79,-83.0,43.7
43.07,33.46,19.33,-83.0,43.8
43.05,33.85,19.62,-83.0,43.9
42.62,33.22,19.72,-83.0,44.0
52.55,39.07,20.61,-82.9,42.4
51.98,39.51,20.12,-82.9,42.5
51.78,39.04,20.68,-82.9,42.6
51.36,38.85,20.45,-82.9,42.7
50.58,38.72,20.11,-82.9,42.8
49.8,38.61,19.79,-82.9,42.9
49.55,38.62,19.67,-82.9,43.0
49.23,38.77,19.38,-82.9,43.1
48.41,38.14,18.93,-82.9,43.2
47.98,37.32,18.88,-82.9,43.3
46.1,36.44,19.63,-82.9,43.4
45.09,35.7,19.42,-82.9,43.5
44.29,35.19,19.52,-82.9,43.6
44.02,34.54,19.13,-82.9,43.7
43.24,34.01,19.14,-82.9,43.8
43.24,34.12,19.19,-82.9,43.9
42.9,33.32,19.19,-82.9,44.0
51.81,38.99,21.2,-82.8,42.6
51.37,38.75,20.33,-82.8,42.7
50.58,38.57,19.96,-82.8,42.8
49.86,38.47,19.59,-82.8,42.9
49.6,38.52,19.5,-82.8,43.0
49.27,38.69,19.24,-82.8,43.1
48.43,38.27,18.81,-82.8,43.2
47.97,37.49,18.71,-82.8,43.3
46.52,36.88,19.18,-82.8,43.4
45.24,36.04,18.93,-82.8,43.5
44.41,35.39,18.68,-82.8,43.6
43.86,34.96,18.51,-82.8,43.7
43.42,34.49,18.31,-82.8,43.8
43.39,34.41,18.26,-82.8,43.9
43.64,34.19,18.67,-82.8,44.0
51.7,38.53,20.31,-82.7,42.6
51.22,38.38,20.06,-82.7,42.7
50.64,38.34,19.53,-82.7,42.8
50.11,38.32,19.16,-82.7,42.9
49.65,38.41,19.27,-82.7,43.0
49.13,38.58,18.74,-82.7,43.1
48.46,38.38,18.72,-82.7,43.2
47.93,37.92,18.47,-82.7,43.3
46.67,37.18,18.2,-82.7,43.4
45.63,36.48,18.44,-82.7,43.5
44.58,35.59,18.42,-82.7,43.6
43.91,35.15,18.15,-82.7,43.7
43.45,34.59,17.26,-82.7,43.8
43.37,34.45,17.35,-82.7,43.9
51.05,37.84,19.67,-82.6,42.7
50.42,38.09,19.1,-82.6,42.8
50.11,37.89,18.4,-82.6,42.9
49.87,38.33,18.87,-82.6,43.0
49.24,38.49,18.73,-82.6,43.1
48.63,38.53,18.52,-82.6,43.2
47.62,38.08,17.8,-82.6,43.3
46.26,37.42,17.84,-82.6,43.4
45.94,36.99,18.19,-82.6,43.5
44.72,35.78,18.24,-82.6,43.6
50.8,37.59,19.39,-82.5,42.7
50.34,38.02,18.96,-82.5,42.8
50.02,37.51,17.78,-82.5,42.9
49.91,38.35,18.96,-82.5,43.0
49.47,38.42,18.67,-82.5,43.1
